[-6.701e6, -1081.8]
[-6.70094e6, -40779.8]
[-6.70075e6, -80477.3]
[-6.70045e6, -120174.0]
[-6.70003e6, -159869.0]
[-6.69949e6, -199563.0]
[-6.69883e6, -239257.0]
[-6.69805e6, -278949.0]
[-6.69715e6, -318640.0]
[-6.69614e6, -358330.0]
[-6.695e6, -398018.0]
[-6.69374e6, -437706.0]
[-6.69237e6, -477392.0]
[-6.69087e6, -517078.0]
[-6.68926e6, -556762.0]
[-6.68752e6, -596445.0]
[-6.68567e6, -636127.0]
[-6.6837e6, -675807.0]
[-6.6816e6, -715487.0]
[-6.67939e6, -755165.0]
[-6.67706e6, -794843.0]
[-6.67461e6, -834519.0]
[-6.67204e6, -874194.0]
[-6.66936e6, -913868.0]
[-6.66655e6, -953541.0]
[-6.66362e6, -993213.0]
[-6.66058e6, -1.03288e6]
[-6.65741e6, -1.07255e6]
[-6.65413e6, -1.11222e6]
[-6.65072e6, -1.15189e6]
[-6.6472e6, -1.19156e6]
[-6.64356e6, -1.23122e6]
[-6.6398e6, -1.27089e6]
[-6.63592e6, -1.31055e6]
[-6.63192e6, -1.35021e6]
[-6.6278e6, -1.38988e6]
[-6.62356e6, -1.42954e6]
[-6.6192e6, -1.4692e6]
[-6.61473e6, -1.50886e6]
[-6.61013e6, -1.54852e6]
[-6.60542e6, -1.58818e6]
[-6.60058e6, -1.62784e6]
[-6.59563e6, -1.6675e6]
[-6.59056e6, -1.70716e6]
[-6.58536e6, -1.74681e6]
[-6.58005e6, -1.78647e6]
[-6.57462e6, -1.82613e6]
[-6.56907e6, -1.86579e6]
[-6.5634e6, -1.90544e6]
[-6.55761e6, -1.9451e6]
[-6.5517e6, -1.98476e6]
[-6.54567e6, -2.02442e6]
[-6.53953e6, -2.06408e6]
[-6.53326e6, -2.10374e6]
[-6.52687e6, -2.1434e6]
[-6.52037e6, -2.18306e6]
[-6.51374e6, -2.22272e6]
[-6.50699e6, -2.26238e6]
[-6.50013e6, -2.30205e6]
[-6.49314e6, -2.34171e6]
[-6.48604e6, -2.38138e6]
[-6.47881e6, -2.42105e6]
[-6.47147e6, -2.46072e6]
[-6.464e6, -2.50039e6]
[-6.45642e6, -2.54006e6]
[-6.44871e6, -2.57974e6]
[-6.44089e6, -2.61942e6]
[-6.43294e6, -2.6591e6]
[-6.42488e6, -2.69878e6]
[-6.41669e6, -2.73847e6]
[-6.40839e6, -2.77816e6]
[-6.39996e6, -2.81785e6]
[-6.39141e6, -2.85754e6]
[-6.38275e6, -2.89724e6]
[-6.37396e6, -2.93694e6]
[-6.36505e6, -2.97665e6]
[-6.35602e6, -3.01636e6]
[-6.34687e6, -3.05607e6]
[-6.33759e6, -3.09579e6]
[-6.3282e6, -3.13551e6]
[-6.31868e6, -3.17524e6]
[-6.30905e6, -3.21497e6]
[-6.29929e6, -3.25471e6]
[-6.28941e6, -3.29445e6]
[-6.27941e6, -3.3342e6]
[-6.26929e6, -3.37396e6]
[-6.25904e6, -3.41372e6]
[-6.24867e6, -3.45348e6]
[-6.23818e6, -3.49326e6]
[-6.22757e6, -3.53304e6]
[-6.21683e6, -3.57283e6]
[-6.20598e6, -3.61262e6]
[-6.195e6, -3.65242e6]
[-6.18389e6, -3.69223e6]
[-6.17267e6, -3.73205e6]
[-6.16132e6, -3.77188e6]
[-6.14984e6, -3.81171e6]
[-6.13824e6, -3.85155e6]
[-6.12652e6, -3.89141e6]
[-6.11468e6, -3.93127e6]
[-6.10271e6, -3.97114e6]
[-6.09061e6, -4.01102e6]
[-6.0784e6, -4.05091e6]
[-6.06605e6, -4.09081e6]
[-6.05358e6, -4.13072e6]
[-6.04099e6, -4.17065e6]
[-6.02827e6, -4.21058e6]
[-6.01542e6, -4.25053e6]
[-6.00245e6, -4.29048e6]
[-5.98936e6, -4.33045e6]
[-5.97613e6, -4.37044e6]
[-5.96278e6, -4.41043e6]
[-5.94931e6, -4.45044e6]
[-5.9357e6, -4.49046e6]
[-5.92197e6, -4.5305e6]
[-5.90811e6, -4.57055e6]
[-5.89412e6, -4.61061e6]
[-5.88001e6, -4.65069e6]
[-5.86577e6, -4.69078e6]
[-5.85139e6, -4.73089e6]
[-5.83689e6, -4.77101e6]
[-5.82226e6, -4.81115e6]
[-5.8075e6, -4.85131e6]
[-5.79261e6, -4.89148e6]
[-5.77759e6, -4.93167e6]
[-5.76244e6, -4.97188e6]
[-5.74716e6, -5.0121e6]
[-5.73175e6, -5.05234e6]
[-5.7162e6, -5.0926e6]
[-5.70053e6, -5.13288e6]
[-5.68472e6, -5.17318e6]
[-5.66878e6, -5.2135e6]
[-5.65271e6, -5.25383e6]
[-5.6365e6, -5.29419e6]
[-5.62016e6, -5.33457e6]
[-5.60369e6, -5.37497e6]
[-5.58708e6, -5.41539e6]
[-5.57034e6, -5.45583e6]
[-5.55346e6, -5.49629e6]
[-5.53645e6, -5.53677e6]
[-5.5193e6, -5.57728e6]
[-5.50201e6, -5.61781e6]
[-5.48459e6, -5.65836e6]
[-5.46704e6, -5.69894e6]
[-5.44934e6, -5.73954e6]
[-5.43151e6, -5.78017e6]
[-5.41354e6, -5.82082e6]
[-5.39542e6, -5.86149e6]
[-5.37718e6, -5.90219e6]
[-5.35879e6, -5.94292e6]
[-5.34026e6, -5.98367e6]
[-5.32159e6, -6.02445e6]
[-5.30278e6, -6.06526e6]
[-5.28383e6, -6.10609e6]
[-5.26473e6, -6.14696e6]
[-5.2455e6, -6.18785e6]
[-5.22612e6, -6.22876e6]
[-5.20659e6, -6.26971e6]
[-5.18693e6, -6.31069e6]
[-5.16712e6, -6.3517e6]
[-5.14716e6, -6.39273e6]
[-5.12706e6, -6.4338e6]
[-5.10682e6, -6.4749e6]
[-5.08642e6, -6.51603e6]
[-5.06588e6, -6.55719e6]
[-5.04519e6, -6.59839e6]
[-5.02436e6, -6.63962e6]
[-5.00337e6, -6.68088e6]
[-4.98224e6, -6.72217e6]
[-4.96096e6, -6.7635e6]
[-4.93952e6, -6.80486e6]
[-4.91794e6, -6.84625e6]
[-4.8962e6, -6.88769e6]
[-4.87431e6, -6.92915e6]
[-4.85227e6, -6.97066e6]
[-4.83008e6, -7.0122e6]
[-4.80773e6, -7.05377e6]
[-4.78523e6, -7.09539e6]
[-4.76257e6, -7.13704e6]
[-4.73975e6, -7.17873e6]
[-4.71678e6, -7.22045e6]
[-4.69365e6, -7.26222e6]
[-4.67037e6, -7.30403e6]
[-4.64692e6, -7.34587e6]
[-4.62332e6, -7.38776e6]
[-4.59956e6, -7.42968e6]
[-4.57563e6, -7.47165e6]
[-4.55155e6, -7.51366e6]
[-4.5273e6, -7.55571e6]
[-4.50289e6, -7.5978e6]
[-4.47832e6, -7.63994e6]
[-4.45358e6, -7.68212e6]
[-4.42868e6, -7.72434e6]
[-4.40361e6, -7.76661e6]
[-4.37837e6, -7.80892e6]
[-4.35297e6, -7.85127e6]
[-4.3274e6, -7.89368e6]
[-4.30167e6, -7.93612e6]
[-4.27576e6, -7.97862e6]
[-4.24968e6, -8.02116e6]
[-4.22343e6, -8.06375e6]
[-4.19701e6, -8.10638e6]
[-4.17042e6, -8.14907e6]
[-4.14365e6, -8.1918e6]
[-4.11671e6, -8.23458e6]
[-4.0896e6, -8.27741e6]
[-4.0623e6, -8.32029e6]
[-4.03483e6, -8.36322e6]
[-4.00719e6, -8.4062e6]
[-3.97936e6, -8.44924e6]
[-3.95136e6, -8.49232e6]
[-3.92317e6, -8.53546e6]
[-3.89481e6, -8.57865e6]
[-3.86626e6, -8.62189e6]
[-3.83753e6, -8.66519e6]
[-3.80862e6, -8.70854e6]
[-3.77952e6, -8.75194e6]
[-3.75023e6, -8.7954e6]
[-3.72076e6, -8.83892e6]
[-3.6911e6, -8.88249e6]
[-3.66125e6, -8.92612e6]
[-3.63121e6, -8.9698e6]
[-3.60098e6, -9.01355e6]
[-3.57056e6, -9.05735e6]
[-3.53995e6, -9.10121e6]
[-3.50915e6, -9.14512e6]
[-3.47814e6, -9.1891e6]
[-3.44695e6, -9.23313e6]
[-3.41555e6, -9.27723e6]
[-3.38396e6, -9.32139e6]
[-3.35217e6, -9.36561e6]
[-3.32019e6, -9.40989e6]
[-3.288e6, -9.45423e6]
[-3.2556e6, -9.49863e6]
[-3.22301e6, -9.5431e6]
[-3.19021e6, -9.58763e6]
[-3.1572e6, -9.63223e6]
[-3.12399e6, -9.67689e6]
[-3.09057e6, -9.72161e6]
[-3.05695e6, -9.7664e6]
[-3.02311e6, -9.81126e6]
[-2.98906e6, -9.85618e6]
[-2.9548e6, -9.90117e6]
[-2.92033e6, -9.94623e6]
[-2.88564e6, -9.99135e6]
[-2.85074e6, -1.00365e7]
[-2.81562e6, -1.00818e7]
[-2.78028e6, -1.01271e7]
[-2.74472e6, -1.01725e7]
[-2.70894e6, -1.0218e7]
[-2.67294e6, -1.02636e7]
[-2.63672e6, -1.03092e7]
[-2.60027e6, -1.03549e7]
[-2.5636e6, -1.04006e7]
[-2.5267e6, -1.04465e7]
[-2.48957e6, -1.04924e7]
[-2.45221e6, -1.05384e7]
[-2.41462e6, -1.05844e7]
[-2.3768e6, -1.06305e7]
[-2.33874e6, -1.06767e7]
[-2.30045e6, -1.0723e7]
[-2.26192e6, -1.07694e7]
[-2.22316e6, -1.08158e7]
[-2.18415e6, -1.08623e7]
[-2.14491e6, -1.09089e7]
[-2.10542e6, -1.09556e7]
[-2.06569e6, -1.10024e7]
[-2.02572e6, -1.10492e7]
[-1.9855e6, -1.10961e7]
[-1.94503e6, -1.11431e7]
[-1.90431e6, -1.11902e7]
[-1.86334e6, -1.12373e7]
[-1.82212e6, -1.12846e7]
[-1.78064e6, -1.13319e7]
[-1.73891e6, -1.13793e7]
[-1.69692e6, -1.14268e7]
[-1.65468e6, -1.14743e7]
[-1.61217e6, -1.1522e7]
[-1.5694e6, -1.15698e7]
[-1.52637e6, -1.16176e7]
[-1.48307e6, -1.16655e7]
[-1.43951e6, -1.17135e7]
[-1.39568e6, -1.17616e7]
[-1.35158e6, -1.18098e7]
[-1.30721e6, -1.18581e7]
[-1.26256e6, -1.19064e7]
[-1.21764e6, -1.19549e7]
[-1.17244e6, -1.20034e7]
[-1.12697e6, -1.2052e7]
[-1.08121e6, -1.21008e7]
[-1.03517e6, -1.21496e7]
[-988852.0, -1.21985e7]
[-942245.0, -1.22475e7]
[-895351.0, -1.22966e7]
[-848168.0, -1.23458e7]
[-800694.0, -1.23951e7]
[-752927.0, -1.24445e7]
[-704866.0, -1.24939e7]
[-656508.0, -1.25435e7]
[-607851.0, -1.25932e7]
[-558895.0, -1.2643e7]
[-509636.0, -1.26929e7]
[-460073.0, -1.27428e7]
[-410204.0, -1.27929e7]
[-360027.0, -1.28431e7]
[-309540.0, -1.28933e7]
[-258740.0, -1.29437e7]
[-207627.0, -1.29942e7]
[-156197.0, -1.30448e7]
[-104449.0, -1.30955e7]
[-52380.5, -1.31462e7]
[10.2456, -1.31971e7]
[52725.5, -1.32481e7]
[105768.0, -1.32992e7]
[159138.0, -1.33505e7]
[212840.0, -1.34018e7]
[266875.0, -1.34532e7]
[321245.0, -1.35047e7]
[375953.0, -1.35564e7]
[431001.0, -1.36081e7]
[486391.0, -1.366e7]
[542125.0, -1.3712e7]
[598206.0, -1.37641e7]
[654636.0, -1.38163e7]
[711418.0, -1.38686e7]
[768553.0, -1.3921e7]
[826044.0, -1.39735e7]
[883893.0, -1.40262e7]
[942104.0, -1.40789e7]
[1.00068e6, -1.41318e7]
[1.05962e6, -1.41848e7]
[1.11893e6, -1.4238e7]
[1.1786e6, -1.42912e7]
[1.23866e6, -1.43445e7]
[1.29908e6, -1.4398e7]
[1.35989e6, -1.44516e7]
[1.42108e6, -1.45053e7]
[1.48265e6, -1.45592e7]
[1.5446e6, -1.46131e7]
[1.60695e6, -1.46672e7]
[1.66969e6, -1.47214e7]
[1.73282e6, -1.47757e7]
[1.79635e6, -1.48302e7]
[1.86028e6, -1.48847e7]
[1.92461e6, -1.49394e7]
[1.98934e6, -1.49943e7]
[2.05449e6, -1.50492e7]
[2.12004e6, -1.51043e7]
[2.18601e6, -1.51595e7]
[2.2524e6, -1.52149e7]
[2.3192e6, -1.52703e7]
[2.38643e6, -1.53259e7]
[2.45408e6, -1.53817e7]
[2.52216e6, -1.54375e7]
[2.59068e6, -1.54935e7]
[2.65962e6, -1.55496e7]
[2.72901e6, -1.56059e7]
[2.79884e6, -1.56623e7]
[2.8691e6, -1.57188e7]
[2.93982e6, -1.57755e7]
[3.01099e6, -1.58323e7]
[3.08261e6, -1.58892e7]
[3.15468e6, -1.59463e7]
[3.22722e6, -1.60035e7]
[3.30022e6, -1.60609e7]
[3.37368e6, -1.61184e7]
[3.44762e6, -1.6176e7]
[3.52203e6, -1.62338e7]
[3.59691e6, -1.62917e7]
[3.67228e6, -1.63498e7]
[3.74812e6, -1.6408e7]
[3.82446e6, -1.64664e7]
[3.90128e6, -1.65249e7]
[3.9786e6, -1.65835e7]
[4.05642e6, -1.66423e7]
[4.13473e6, -1.67013e7]
[4.21356e6, -1.67603e7]
[4.29289e6, -1.68196e7]
[4.37273e6, -1.6879e7]
[4.45309e6, -1.69385e7]
[4.53396e6, -1.69982e7]
[4.61536e6, -1.7058e7]
[4.69729e6, -1.7118e7]
[4.77975e6, -1.71782e7]
[4.86275e6, -1.72385e7]
[4.94628e6, -1.72989e7]
[5.03035e6, -1.73596e7]
[5.11498e6, -1.74203e7]
[5.20015e6, -1.74813e7]
[5.28588e6, -1.75423e7]
[5.37216e6, -1.76036e7]
[5.45901e6, -1.7665e7]
[5.54643e6, -1.77266e7]
[5.63442e6, -1.77883e7]
[5.72298e6, -1.78502e7]
[5.81213e6, -1.79122e7]
[5.90186e6, -1.79744e7]
[5.99218e6, -1.80368e7]
[6.08309e6, -1.80994e7]
[6.17459e6, -1.81621e7]
[6.26671e6, -1.82249e7]
[6.35942e6, -1.8288e7]
[6.45275e6, -1.83512e7]
[6.54669e6, -1.84146e7]
[6.64126e6, -1.84781e7]
[6.73645e6, -1.85419e7]
[6.83227e6, -1.86057e7]
[6.92872e6, -1.86698e7]
[7.02582e6, -1.87341e7]
[7.12355e6, -1.87985e7]
[7.22194e6, -1.88631e7]
[7.32098e6, -1.89278e7]
[7.42068e6, -1.89928e7]
[7.52104e6, -1.90579e7]
[7.62208e6, -1.91232e7]
[7.72378e6, -1.91886e7]
[7.82617e6, -1.92543e7]
[7.92924e6, -1.93201e7]
[8.033e6, -1.93862e7]
[8.13746e6, -1.94524e7]
[8.24261e6, -1.95187e7]
[8.34847e6, -1.95853e7]
[8.45505e6, -1.96521e7]
[8.56234e6, -1.9719e7]
[8.67035e6, -1.97861e7]
[8.77909e6, -1.98534e7]
[8.88857e6, -1.99209e7]
[8.99878e6, -1.99886e7]
[9.10974e6, -2.00565e7]
[9.22145e6, -2.01246e7]
[9.33391e6, -2.01928e7]
[9.44714e6, -2.02613e7]
[9.56114e6, -2.03299e7]
[9.67591e6, -2.03988e7]
[9.79146e6, -2.04678e7]
[9.9078e6, -2.0537e7]
[1.00249e7, -2.06065e7]
[1.01429e7, -2.06761e7]
[1.02616e7, -2.07459e7]
[1.03811e7, -2.08159e7]
[1.05015e7, -2.08862e7]
[1.06227e7, -2.09566e7]
[1.07447e7, -2.10272e7]
[1.08676e7, -2.10981e7]
[1.09913e7, -2.11691e7]
[1.11158e7, -2.12403e7]
[1.12413e7, -2.13118e7]
[1.13675e7, -2.13834e7]
[1.14947e7, -2.14553e7]
[1.16227e7, -2.15274e7]
[1.17516e7, -2.15996e7]
[1.18814e7, -2.16721e7]
[1.20121e7, -2.17448e7]
[1.21437e7, -2.18177e7]
[1.22763e7, -2.18909e7]
[1.24097e7, -2.19642e7]
[1.25441e7, -2.20378e7]
[1.26794e7, -2.21115e7]
[1.28157e7, -2.21855e7]
[1.29529e7, -2.22597e7]
[1.3091e7, -2.23341e7]
[1.32302e7, -2.24088e7]
[1.33703e7, -2.24836e7]
[1.35114e7, -2.25587e7]
[1.36535e7, -2.2634e7]
[1.37965e7, -2.27096e7]
[1.39406e7, -2.27853e7]
[1.40857e7, -2.28613e7]
[1.42318e7, -2.29375e7]
[1.4379e7, -2.30139e7]
[1.45272e7, -2.30906e7]
[1.46765e7, -2.31675e7]
[1.48268e7, -2.32446e7]
[1.49781e7, -2.33219e7]
[1.51306e7, -2.33995e7]
[1.52841e7, -2.34773e7]
[1.54387e7, -2.35553e7]
[1.55944e7, -2.36336e7]
[1.57513e7, -2.37121e7]
[1.59092e7, -2.37909e7]
[1.60683e7, -2.38698e7]
[1.62285e7, -2.39491e7]
[1.63899e7, -2.40285e7]
[1.65524e7, -2.41082e7]
[1.67161e7, -2.41882e7]
[1.6881e7, -2.42683e7]
[1.7047e7, -2.43487e7]
[1.72143e7, -2.44294e7]
[1.73827e7, -2.45103e7]
[1.75524e7, -2.45915e7]
[1.77233e7, -2.46729e7]
[1.78954e7, -2.47545e7]
[1.80688e7, -2.48364e7]
[1.82434e7, -2.49185e7]
[1.84193e7, -2.50009e7]
[1.85965e7, -2.50836e7]
[1.8775e7, -2.51665e7]
[1.89548e7, -2.52496e7]
[1.91359e7, -2.5333e7]
[1.93183e7, -2.54167e7]
[1.9502e7, -2.55006e7]
[1.96871e7, -2.55847e7]
[1.98735e7, -2.56691e7]
[2.00613e7, -2.57538e7]
[2.02505e7, -2.58388e7]
[2.04411e7, -2.5924e7]
[2.06331e7, -2.60094e7]
[2.08265e7, -2.60951e7]
[2.10213e7, -2.61811e7]
[2.12176e7, -2.62673e7]
[2.14153e7, -2.63538e7]
[2.16145e7, -2.64406e7]
[2.18151e7, -2.65276e7]
[2.20173e7, -2.66149e7]
[2.22209e7, -2.67025e7]
[2.24261e7, -2.67903e7]
[2.26328e7, -2.68784e7]
[2.2841e7, -2.69668e7]
[2.30508e7, -2.70554e7]
[2.32621e7, -2.71443e7]
[2.34751e7, -2.72335e7]
[2.36896e7, -2.7323e7]
[2.39057e7, -2.74127e7]
[2.41235e7, -2.75027e7]
[2.43429e7, -2.7593e7]
[2.45639e7, -2.76835e7]
[2.47866e7, -2.77744e7]
[2.5011e7, -2.78655e7]
[2.52371e7, -2.79569e7]
[2.54649e7, -2.80485e7]
[2.56944e7, -2.81405e7]
[2.59257e7, -2.82327e7]
[2.61587e7, -2.83252e7]
[2.63934e7, -2.8418e7]
[2.663e7, -2.85111e7]
[2.68684e7, -2.86044e7]
[2.71085e7, -2.86981e7]
[2.73506e7, -2.8792e7]
[2.75944e7, -2.88862e7]
[2.78401e7, -2.89807e7]
[2.80877e7, -2.90755e7]
[2.83373e7, -2.91705e7]
[2.85887e7, -2.92659e7]
[2.8842e7, -2.93615e7]
[2.90973e7, -2.94575e7]
[2.93546e7, -2.95537e7]
[2.96138e7, -2.96502e7]
[2.98751e7, -2.9747e7]
[3.01383e7, -2.98441e7]
[3.04036e7, -2.99415e7]
[3.0671e7, -3.00391e7]
[3.09404e7, -3.01371e7]
[3.12119e7, -3.02354e7]
[3.14856e7, -3.03339e7]
[3.17613e7, -3.04328e7]
[3.20392e7, -3.05319e7]
[3.23193e7, -3.06314e7]
[3.26016e7, -3.07311e7]
[3.2886e7, -3.08311e7]
[3.31727e7, -3.09315e7]
[3.34617e7, -3.10321e7]
[3.37529e7, -3.1133e7]
[3.40464e7, -3.12342e7]
[3.43422e7, -3.13358e7]
[3.46403e7, -3.14376e7]
[3.49408e7, -3.15397e7]
[3.52436e7, -3.16421e7]
[3.55488e7, -3.17448e7]
[3.58565e7, -3.18478e7]
[3.61666e7, -3.19511e7]
[3.64791e7, -3.20547e7]
[3.67941e7, -3.21587e7]
[3.71116e7, -3.22629e7]
[3.74317e7, -3.23674e7]
[3.77543e7, -3.24722e7]
[3.80794e7, -3.25773e7]
[3.84072e7, -3.26827e7]
[3.87375e7, -3.27884e7]
[3.90705e7, -3.28944e7]
[3.94062e7, -3.30007e7]
[3.97446e7, -3.31073e7]
[4.00857e7, -3.32142e7]
[4.04295e7, -3.33214e7]
[4.07761e7, -3.34289e7]
[4.11254e7, -3.35367e7]
[4.14776e7, -3.36448e7]
[4.18326e7, -3.37532e7]
[4.21905e7, -3.38619e7]
[4.25513e7, -3.39709e7]
[4.2915e7, -3.40802e7]
[4.32816e7, -3.41898e7]
[4.36513e7, -3.42997e7]
[4.40239e7, -3.44098e7]
[4.43995e7, -3.45203e7]
[4.47782e7, -3.46311e7]
[4.516e7, -3.47421e7]
[4.55449e7, -3.48535e7]
[4.59329e7, -3.49651e7]
[4.63241e7, -3.50771e7]
[4.67185e7, -3.51893e7]
[4.71162e7, -3.53018e7]
[4.75171e7, -3.54146e7]
[4.79213e7, -3.55277e7]
[4.83287e7, -3.56411e7]
[4.87396e7, -3.57547e7]
[4.91538e7, -3.58687e7]
[4.95715e7, -3.59829e7]
[4.99926e7, -3.60975e7]
[5.04171e7, -3.62122e7]
[5.08452e7, -3.63273e7]
[5.12768e7, -3.64427e7]
[5.1712e7, -3.65583e7]
[5.21508e7, -3.66742e7]
[5.25932e7, -3.67904e7]
[5.30393e7, -3.69069e7]
[5.34891e7, -3.70236e7]
[5.39426e7, -3.71406e7]
[5.44e7, -3.72579e7]
[5.48611e7, -3.73754e7]
[5.53261e7, -3.74932e7]
[5.5795e7, -3.76112e7]
[5.62678e7, -3.77295e7]
[5.67445e7, -3.78481e7]
[5.72252e7, -3.79669e7]
[5.771e7, -3.8086e7]
[5.81988e7, -3.82053e7]
[5.86918e7, -3.83249e7]
[5.91889e7, -3.84447e7]
[5.96901e7, -3.85648e7]
[6.01956e7, -3.86851e7]
[6.07054e7, -3.88056e7]
[6.12194e7, -3.89264e7]
[6.17378e7, -3.90474e7]
[6.22606e7, -3.91686e7]
[6.27878e7, -3.92901e7]
[6.33195e7, -3.94118e7]
[6.38556e7, -3.95337e7]
[6.43963e7, -3.96558e7]
[6.49416e7, -3.97781e7]
[6.54916e7, -3.99006e7]
[6.60462e7, -4.00234e7]
[6.66055e7, -4.01463e7]
[6.71696e7, -4.02694e7]
[6.77385e7, -4.03928e7]
[6.83123e7, -4.05163e7]
[6.88909e7, -4.064e7]
[6.94745e7, -4.07638e7]
[7.00631e7, -4.08879e7]
[7.06567e7, -4.10121e7]
[7.12554e7, -4.11365e7]
[7.18592e7, -4.1261e7]
[7.24682e7, -4.13857e7]
[7.30825e7, -4.15105e7]
[7.3702e7, -4.16355e7]
[7.43268e7, -4.17607e7]
[7.4957e7, -4.18859e7]
[7.55926e7, -4.20113e7]
[7.62337e7, -4.21368e7]
[7.68803e7, -4.22624e7]
[7.75325e7, -4.23881e7]
[7.81903e7, -4.2514e7]
[7.88538e7, -4.26399e7]
[7.95231e7, -4.27659e7]
[8.01981e7, -4.2892e7]
[8.08789e7, -4.30182e7]
[8.15656e7, -4.31444e7]
[8.22583e7, -4.32707e7]
[8.2957e7, -4.33971e7]
[8.36617e7, -4.35235e7]
[8.43726e7, -4.36499e7]
[8.50896e7, -4.37764e7]
[8.58128e7, -4.39029e7]
[8.65423e7, -4.40294e7]
[8.72782e7, -4.41559e7]
[8.80204e7, -4.42824e7]
[8.87691e7, -4.44088e7]
[8.95243e7, -4.45353e7]
[9.02861e7, -4.46617e7]
[9.10545e7, -4.47881e7]
[9.18296e7, -4.49144e7]
[9.26114e7, -4.50407e7]
[9.34001e7, -4.51668e7]
[9.41956e7, -4.52929e7]
[9.49981e7, -4.54189e7]
[9.58075e7, -4.55448e7]
[9.6624e7, -4.56706e7]
[9.74477e7, -4.57962e7]
[9.82785e7, -4.59217e7]
[9.91166e7, -4.60471e7]
[9.9962e7, -4.61723e7]
[1.00815e8, -4.62973e7]
[1.01675e8, -4.6422e7]
[1.02543e8, -4.65466e7]
[1.03418e8, -4.6671e7]
[1.04301e8, -4.67951e7]
[1.05192e8, -4.6919e7]
[1.0609e8, -4.70426e7]
[1.06996e8, -4.7166e7]
[1.0791e8, -4.7289e7]
[1.08833e8, -4.74118e7]
[1.09763e8, -4.75342e7]
[1.10701e8, -4.76562e7]
[1.11648e8, -4.77779e7]
[1.12602e8, -4.78993e7]
[1.13566e8, -4.80202e7]
[1.14537e8, -4.81407e7]
[1.15517e8, -4.82608e7]
[1.16506e8, -4.83805e7]
[1.17503e8, -4.84997e7]
[1.18509e8, -4.86184e7]
[1.19523e8, -4.87365e7]
[1.20547e8, -4.88542e7]
[1.21579e8, -4.89713e7]
[1.2262e8, -4.90879e7]
[1.2367e8, -4.92038e7]
[1.2473e8, -4.93192e7]
[1.25799e8, -4.94339e7]
[1.26876e8, -4.9548e7]
[1.27964e8, -4.96613e7]
[1.2906e8, -4.9774e7]
[1.30167e8, -4.9886e7]
[1.31282e8, -4.99972e7]
[1.32408e8, -5.01076e7]
[1.33543e8, -5.02172e7]
[1.34688e8, -5.0326e7]
[1.35842e8, -5.0434e7]
[1.37007e8, -5.0541e7]
[1.38182e8, -5.06472e7]
[1.39367e8, -5.07524e7]
[1.40562e8, -5.08567e7]
[1.41767e8, -5.09599e7]
[1.42982e8, -5.10621e7]
[1.44208e8, -5.11633e7]
[1.45444e8, -5.12634e7]
[1.46691e8, -5.13624e7]
[1.47949e8, -5.14602e7]
[1.49217e8, -5.15569e7]
[1.50496e8, -5.16523e7]
[1.51786e8, -5.17465e7]
[1.53086e8, -5.18394e7]
[1.54398e8, -5.19309e7]
[1.55721e8, -5.20211e7]
[1.57055e8, -5.211e7]
[1.584e8, -5.21974e7]
[1.59756e8, -5.22833e7]
[1.61123e8, -5.23677e7]
[1.62502e8, -5.24506e7]
[1.63893e8, -5.25319e7]
[1.65295e8, -5.26115e7]
[1.66708e8, -5.26895e7]
[1.68134e8, -5.27658e7]
[1.69571e8, -5.28403e7]
[1.71019e8, -5.29131e7]
[1.72476e8, -5.29838e7]
[1.73923e8, -5.30516e7]
[1.7536e8, -5.31166e7]
[1.76789e8, -5.31789e7]
[1.78208e8, -5.32386e7]
[1.79619e8, -5.32956e7]
[1.81021e8, -5.335e7]
[1.82414e8, -5.3402e7]
[1.83798e8, -5.34515e7]
[1.85174e8, -5.34986e7]
[1.86542e8, -5.35433e7]
[1.87901e8, -5.35858e7]
[1.89253e8, -5.36259e7]
[1.90596e8, -5.36639e7]
[1.91932e8, -5.36997e7]
[1.93259e8, -5.37333e7]
[1.94579e8, -5.37649e7]
[1.95892e8, -5.37944e7]
[1.97197e8, -5.38219e7]
[1.98494e8, -5.38475e7]
[1.99784e8, -5.38711e7]
[2.01067e8, -5.38927e7]
[2.02343e8, -5.39126e7]
[2.03611e8, -5.39306e7]
[2.04873e8, -5.39468e7]
[2.06127e8, -5.39612e7]
[2.07375e8, -5.39739e7]
[2.08616e8, -5.39849e7]
[2.09851e8, -5.39942e7]
[2.11078e8, -5.40018e7]
[2.12299e8, -5.40079e7]
[2.13514e8, -5.40123e7]
[2.14722e8, -5.40152e7]
[2.15924e8, -5.40165e7]
[2.17119e8, -5.40163e7]
[2.18309e8, -5.40147e7]
[2.19485e8, -5.40115e7]
[2.20656e8, -5.4007e7]
[2.21821e8, -5.4001e7]
[2.22979e8, -5.39936e7]
[2.24132e8, -5.39849e7]
[2.25279e8, -5.39748e7]
[2.2642e8, -5.39634e7]
[2.27555e8, -5.39506e7]
[2.28684e8, -5.39366e7]
[2.29808e8, -5.39213e7]
[2.30926e8, -5.39047e7]
[2.32039e8, -5.38869e7]
[2.33146e8, -5.38679e7]
[2.34248e8, -5.38478e7]
[2.35344e8, -5.38264e7]
[2.36435e8, -5.38039e7]
[2.3752e8, -5.37802e7]
[2.386e8, -5.37554e7]
[2.39675e8, -5.37295e7]
[2.40745e8, -5.37025e7]
[2.4181e8, -5.36744e7]
[2.42869e8, -5.36453e7]
[2.43924e8, -5.36151e7]
[2.44973e8, -5.35838e7]
[2.46017e8, -5.35516e7]
[2.47057e8, -5.35184e7]
[2.48091e8, -5.34841e7]
[2.49121e8, -5.34489e7]
[2.50146e8, -5.34128e7]
[2.51166e8, -5.33757e7]
[2.52181e8, -5.33376e7]
[2.53192e8, -5.32986e7]
[2.54197e8, -5.32588e7]
[2.55199e8, -5.3218e7]
[2.56195e8, -5.31763e7]
[2.57187e8, -5.31338e7]
[2.58174e8, -5.30904e7]
[2.59157e8, -5.30462e7]
[2.60136e8, -5.30011e7]
[2.6111e8, -5.29552e7]
[2.62079e8, -5.29085e7]
[2.63044e8, -5.28609e7]
[2.64005e8, -5.28126e7]
[2.64961e8, -5.27635e7]
[2.65913e8, -5.27137e7]
[2.66861e8, -5.2663e7]
[2.67804e8, -5.26116e7]
[2.68744e8, -5.25595e7]
[2.69679e8, -5.25067e7]
[2.7061e8, -5.24531e7]
[2.71536e8, -5.23988e7]
[2.72459e8, -5.23438e7]
[2.73378e8, -5.22881e7]
[2.74292e8, -5.22317e7]
[2.75202e8, -5.21747e7]
[2.76109e8, -5.2117e7]
[2.77011e8, -5.20586e7]
[2.7791e8, -5.19996e7]
[2.78804e8, -5.19399e7]
[2.79695e8, -5.18796e7]
[2.80581e8, -5.18187e7]
[2.81464e8, -5.17572e7]
[2.82343e8, -5.1695e7]
[2.83218e8, -5.16323e7]
[2.84089e8, -5.1569e7]
[2.84957e8, -5.15051e7]
[2.85821e8, -5.14406e7]
[2.86681e8, -5.13755e7]
[2.87537e8, -5.13099e7]
[2.8839e8, -5.12437e7]
[2.89239e8, -5.1177e7]
[2.90084e8, -5.11097e7]
[2.90925e8, -5.10419e7]
[2.91763e8, -5.09736e7]
[2.92598e8, -5.09048e7]
[2.93429e8, -5.08355e7]
[2.94256e8, -5.07656e7]
[2.9508e8, -5.06953e7]
[2.959e8, -5.06244e7]
[2.96717e8, -5.05531e7]
[2.9753e8, -5.04813e7]
[2.98339e8, -5.04091e7]
[2.99146e8, -5.03364e7]
[2.99949e8, -5.02632e7]
[3.00748e8, -5.01895e7]
[3.01544e8, -5.01155e7]
[3.02337e8, -5.0041e7]
[3.03126e8, -4.9966e7]
[3.03912e8, -4.98906e7]
[3.04695e8, -4.98148e7]
[3.05474e8, -4.97386e7]
[3.0625e8, -4.9662e7]
[3.07023e8, -4.9585e7]
[3.07792e8, -4.95076e7]
[3.08558e8, -4.94298e7]
[3.09321e8, -4.93516e7]
[3.10081e8, -4.92731e7]
[3.10837e8, -4.91942e7]
[3.11591e8, -4.91149e7]
[3.12341e8, -4.90352e7]
[3.13088e8, -4.89552e7]
[3.13832e8, -4.88748e7]
[3.14573e8, -4.87941e7]
[3.1531e8, -4.87131e7]
[3.16045e8, -4.86317e7]
[3.16776e8, -4.855e7]
[3.17504e8, -4.8468e7]
[3.1823e8, -4.83857e7]
[3.18952e8, -4.8303e7]
[3.19671e8, -4.82201e7]
[3.20387e8, -4.81368e7]
[3.211e8, -4.80533e7]
[3.2181e8, -4.79694e7]
[3.22518e8, -4.78853e7]
[3.23222e8, -4.78009e7]
[3.23923e8, -4.77163e7]
[3.24621e8, -4.76313e7]
[3.25317e8, -4.75461e7]
[3.26009e8, -4.74607e7]
[3.26699e8, -4.7375e7]
[3.27385e8, -4.7289e7]
[3.28069e8, -4.72028e7]
[3.2875e8, -4.71164e7]
[3.29428e8, -4.70297e7]
[3.30112e8, -4.69417e7]
[3.30793e8, -4.68534e7]
[3.31471e8, -4.67649e7]
[3.32147e8, -4.66763e7]
[3.3282e8, -4.65874e7]
[3.3349e8, -4.64983e7]
[3.34157e8, -4.6409e7]
[3.34821e8, -4.63195e7]
[3.35483e8, -4.62299e7]
[3.36142e8, -4.61401e7]
[3.36798e8, -4.60501e7]
[3.37451e8, -4.59599e7]
[3.38102e8, -4.58696e7]
[3.3875e8, -4.57791e7]
[3.39395e8, -4.56884e7]
[3.40037e8, -4.55976e7]
[3.40677e8, -4.55067e7]
[3.41315e8, -4.54157e7]
[3.41949e8, -4.53245e7]
[3.42581e8, -4.52331e7]
[3.4321e8, -4.51417e7]
[3.43837e8, -4.50502e7]
[3.44461e8, -4.49585e7]
[3.45082e8, -4.48667e7]
[3.45701e8, -4.47749e7]
[3.46317e8, -4.46829e7]
[3.46931e8, -4.45909e7]
[3.47542e8, -4.44988e7]
[3.4815e8, -4.44066e7]
[3.48756e8, -4.43144e7]
[3.49359e8, -4.4222e7]
[3.4996e8, -4.41297e7]
[3.50558e8, -4.40372e7]
[3.51154e8, -4.39448e7]
[3.51747e8, -4.38523e7]
[3.52338e8, -4.37597e7]
[3.52926e8, -4.36672e7]
[3.53511e8, -4.35746e7]
[3.54095e8, -4.3482e7]
[3.54675e8, -4.33894e7]
[3.55254e8, -4.32968e7]
[3.55829e8, -4.32042e7]
[3.56403e8, -4.31116e7]
[3.56974e8, -4.30191e7]
[3.57542e8, -4.29265e7]
[3.58108e8, -4.2834e7]
[3.58672e8, -4.27416e7]
[3.59233e8, -4.26492e7]
[3.59792e8, -4.25568e7]
[3.60348e8, -4.24645e7]
[3.60902e8, -4.23723e7]
[3.61454e8, -4.22801e7]
[3.62003e8, -4.21881e7]
[3.6255e8, -4.20961e7]
[3.63094e8, -4.20042e7]
[3.63636e8, -4.19125e7]
[3.64176e8, -4.18208e7]
[3.64714e8, -4.17293e7]
[3.65249e8, -4.16379e7]
[3.65782e8, -4.15467e7]
[3.66312e8, -4.14556e7]
[3.6684e8, -4.13647e7]
[3.67366e8, -4.12739e7]
[3.6789e8, -4.11833e7]
[3.68411e8, -4.10929e7]
[3.6893e8, -4.10027e7]
[3.69446e8, -4.09127e7]
[3.69961e8, -4.0823e7]
[3.70473e8, -4.07334e7]
[3.70983e8, -4.06441e7]
[3.71491e8, -4.05551e7]
[3.71996e8, -4.04663e7]
[3.72499e8, -4.03778e7]
[3.73e8, -4.02896e7]
[3.73499e8, -4.02017e7]
[3.73995e8, -4.0114e7]
[3.74489e8, -4.00267e7]
[3.74981e8, -3.99398e7]
[3.75471e8, -3.98532e7]
[3.75959e8, -3.97669e7]
[3.76444e8, -3.96811e7]
[3.76927e8, -3.95956e7]
[3.77408e8, -3.95105e7]
[3.77887e8, -3.94259e7]
[3.78364e8, -3.93417e7]
[3.78838e8, -3.92579e7]
[3.79311e8, -3.91746e7]
[3.79781e8, -3.90918e7]
[3.80249e8, -3.90095e7]
[3.80715e8, -3.89278e7]
[3.81178e8, -3.88466e7]
[3.8164e8, -3.87659e7]
[3.821e8, -3.86859e7]
[3.82557e8, -3.86064e7]
[3.83012e8, -3.85276e7]
[3.83465e8, -3.84494e7]
[3.83916e8, -3.83719e7]
[3.84365e8, -3.82951e7]
[3.84812e8, -3.8219e7]
[3.85256e8, -3.81437e7]
[3.85699e8, -3.80692e7]
[3.86139e8, -3.79955e7]
[3.86577e8, -3.79226e7]
[3.87014e8, -3.78506e7]
[3.87448e8, -3.77794e7]
[3.8788e8, -3.77093e7]
[3.8831e8, -3.76401e7]
[3.88737e8, -3.75719e7]
[3.89163e8, -3.75047e7]
[3.89587e8, -3.74387e7]
[3.90008e8, -3.73738e7]
[3.90428e8, -3.731e7]
[3.90845e8, -3.72475e7]
[3.9126e8, -3.71863e7]
[3.91674e8, -3.71263e7]
[3.92085e8, -3.70678e7]
[3.92494e8, -3.70107e7]
[3.929e8, -3.69551e7]
[3.93305e8, -3.6901e7]
[3.93708e8, -3.68486e7]
[3.94108e8, -3.67979e7]
[3.94507e8, -3.67489e7]
[3.94903e8, -3.67018e7]
[3.95297e8, -3.66566e7]
[3.95689e8, -3.66135e7]
[3.96078e8, -3.65725e7]
[3.96466e8, -3.65337e7]
[3.96851e8, -3.64972e7]
[3.97234e8, -3.64632e7]
[3.97615e8, -3.64318e7]
[3.97993e8, -3.6403e7]
[3.98369e8, -3.63771e7]
[3.98743e8, -3.63542e7]
[3.99114e8, -3.63345e7]
[3.99469e8, -3.63186e7]
[3.99808e8, -3.63064e7]
[4.00132e8, -3.62977e7]
[4.00441e8, -3.62923e7]
[4.00738e8, -3.62898e7]
[4.01021e8, -3.62903e7]
[4.01293e8, -3.62934e7]
[4.01553e8, -3.6299e7]
[4.01802e8, -3.6307e7]
[4.02041e8, -3.63173e7]
[4.0227e8, -3.63296e7]
[4.0249e8, -3.63439e7]
[4.02702e8, -3.636e7]
[4.02905e8, -3.63779e7]
[4.031e8, -3.63974e7]
[4.03287e8, -3.64184e7]
[4.03467e8, -3.64409e7]
[4.03641e8, -3.64647e7]
[4.03807e8, -3.64897e7]
[4.03968e8, -3.6516e7]
[4.04122e8, -3.65434e7]
[4.04271e8, -3.65719e7]
[4.04415e8, -3.66013e7]
[4.04553e8, -3.66317e7]
[4.04686e8, -3.6663e7]
[4.04814e8, -3.6695e7]
[4.04937e8, -3.67279e7]
[4.05056e8, -3.67615e7]
[4.05171e8, -3.67958e7]
[4.05282e8, -3.68307e7]
[4.05389e8, -3.68662e7]
[4.05492e8, -3.69023e7]
[4.05591e8, -3.6939e7]
[4.05687e8, -3.69761e7]
[4.0578e8, -3.70137e7]
[4.05869e8, -3.70518e7]
[4.05955e8, -3.70903e7]
[4.06039e8, -3.71292e7]
[4.06119e8, -3.71685e7]
[4.06196e8, -3.72081e7]
[4.06271e8, -3.72481e7]
[4.06343e8, -3.72883e7]
[4.06412e8, -3.73289e7]
[4.06479e8, -3.73698e7]
[4.06544e8, -3.74109e7]
[4.06606e8, -3.74522e7]
[4.06666e8, -3.74938e7]
[4.06724e8, -3.75357e7]
[4.0678e8, -3.75777e7]
[4.06833e8, -3.76199e7]
[4.06885e8, -3.76624e7]
[4.06935e8, -3.7705e7]
[4.06983e8, -3.77478e7]
[4.07028e8, -3.77907e7]
[4.07073e8, -3.78338e7]
[4.07115e8, -3.78771e7]
[4.07156e8, -3.79205e7]
[4.07194e8, -3.79641e7]
[4.07232e8, -3.80078e7]
[4.07267e8, -3.80516e7]
[4.07301e8, -3.80955e7]
[4.07334e8, -3.81396e7]
[4.07365e8, -3.81837e7]
[4.07394e8, -3.8228e7]
[4.07422e8, -3.82724e7]
[4.07449e8, -3.83169e7]
[4.07474e8, -3.83615e7]
[4.07498e8, -3.84062e7]
[4.0752e8, -3.8451e7]
[4.07541e8, -3.84959e7]
[4.0756e8, -3.85408e7]
[4.07579e8, -3.85859e7]
[4.07596e8, -3.8631e7]
[4.07611e8, -3.86762e7]
[4.07625e8, -3.87215e7]
[4.07638e8, -3.87668e7]
[4.0765e8, -3.88122e7]
[4.0766e8, -3.88577e7]
[4.07669e8, -3.89032e7]
[4.07677e8, -3.89488e7]
[4.07683e8, -3.89944e7]
[4.07688e8, -3.904e7]
[4.07692e8, -3.90857e7]
[4.07695e8, -3.91313e7]
[4.07696e8, -3.9177e7]
[4.07696e8, -3.92226e7]
[4.07695e8, -3.92682e7]
[4.07692e8, -3.93138e7]
[4.07688e8, -3.93594e7]
[4.07683e8, -3.94049e7]
[4.07677e8, -3.94503e7]
[4.07669e8, -3.94956e7]
[4.0766e8, -3.95408e7]
[4.0765e8, -3.95859e7]
[4.07638e8, -3.96308e7]
[4.07625e8, -3.96756e7]
[4.07611e8, -3.97202e7]
[4.07596e8, -3.97646e7]
[4.07579e8, -3.98088e7]
[4.07561e8, -3.98527e7]
[4.07542e8, -3.98964e7]
[4.07521e8, -3.99398e7]
[4.07499e8, -3.9983e7]
[4.07476e8, -4.00258e7]
[4.07452e8, -4.00683e7]
[4.07426e8, -4.01105e7]
[4.074e8, -4.01523e7]
[4.07371e8, -4.01938e7]
[4.07342e8, -4.02349e7]
[4.07312e8, -4.02756e7]
[4.0728e8, -4.03159e7]
[4.07247e8, -4.03558e7]
[4.07212e8, -4.03953e7]
[4.07177e8, -4.04343e7]
[4.0714e8, -4.04729e7]
[4.07102e8, -4.05111e7]
[4.07062e8, -4.05488e7]
[4.07022e8, -4.0586e7]
[4.0698e8, -4.06228e7]
[4.06937e8, -4.06591e7]
[4.06893e8, -4.06949e7]
[4.06847e8, -4.07302e7]
[4.068e8, -4.07651e7]
[4.06752e8, -4.07994e7]
[4.06702e8, -4.08332e7]
[4.06651e8, -4.08665e7]
[4.06599e8, -4.08993e7]
[4.06545e8, -4.09316e7]
[4.0649e8, -4.09633e7]
[4.06433e8, -4.09945e7]
[4.06375e8, -4.10251e7]
[4.06316e8, -4.10551e7]
[4.06254e8, -4.10846e7]
[4.06192e8, -4.11135e7]
[4.06128e8, -4.11418e7]
[4.06062e8, -4.11695e7]
[4.05995e8, -4.11966e7]
[4.05926e8, -4.12231e7]
[4.05855e8, -4.12489e7]
[4.05782e8, -4.1274e7]
[4.05708e8, -4.12985e7]
[4.05632e8, -4.13223e7]
[4.05554e8, -4.13454e7]
[4.05474e8, -4.13677e7]
[4.05392e8, -4.13893e7]
[4.05308e8, -4.14101e7]
[4.05222e8, -4.14302e7]
[4.05134e8, -4.14494e7]
[4.05044e8, -4.14678e7]
[4.04951e8, -4.14853e7]
[4.04856e8, -4.15019e7]
[4.04759e8, -4.15176e7]
[4.04659e8, -4.15324e7]
[4.04556e8, -4.15461e7]
[4.04451e8, -4.15588e7]
[4.04343e8, -4.15705e7]
[4.04233e8, -4.15811e7]
[4.04119e8, -4.15905e7]
[4.04003e8, -4.15988e7]
[4.03883e8, -4.16058e7]
[4.03761e8, -4.16116e7]
[4.03635e8, -4.1616e7]
[4.03505e8, -4.16191e7]
[4.03372e8, -4.16207e7]
[4.03235e8, -4.16209e7]
[4.03095e8, -4.16195e7]
[4.02951e8, -4.16165e7]
[4.02802e8, -4.16118e7]
[4.0265e8, -4.16053e7]
[4.02493e8, -4.15971e7]
[4.02331e8, -4.15869e7]
[4.02165e8, -4.15747e7]
[4.01994e8, -4.15605e7]
[4.01818e8, -4.15441e7]
[4.01636e8, -4.15254e7]
[4.01449e8, -4.15044e7]
[4.01256e8, -4.14809e7]
[4.01058e8, -4.14548e7]
[4.00853e8, -4.14259e7]
[4.00642e8, -4.13943e7]
[4.00424e8, -4.13596e7]
[4.00199e8, -4.13219e7]
[3.99967e8, -4.12809e7]
[3.99727e8, -4.12365e7]
[3.99479e8, -4.11885e7]
[3.99223e8, -4.11367e7]
[3.98958e8, -4.1081e7]
[3.98684e8, -4.10211e7]
[3.98401e8, -4.09569e7]
[3.98107e8, -4.08881e7]
[3.97804e8, -4.08145e7]
[3.97489e8, -4.07359e7]
[3.97163e8, -4.06519e7]
[3.96824e8, -4.05624e7]
[3.96474e8, -4.04669e7]
[3.96109e8, -4.03653e7]
[3.95731e8, -4.02572e7]
[3.95339e8, -4.01423e7]
[3.94931e8, -4.002e7]
[3.94506e8, -3.98902e7]
[3.94065e8, -3.97524e7]
[3.93606e8, -3.96063e7]
[3.93146e8, -3.94571e7]
[3.92685e8, -3.93048e7]
[3.92222e8, -3.91496e7]
[3.91757e8, -3.89916e7]
[3.91291e8, -3.8831e7]
[3.90824e8, -3.86678e7]
[3.90355e8, -3.85021e7]
[3.89884e8, -3.83341e7]
[3.89412e8, -3.81638e7]
[3.88938e8, -3.79914e7]
[3.88463e8, -3.78168e7]
[3.87986e8, -3.76402e7]
[3.87507e8, -3.74617e7]
[3.87027e8, -3.72813e7]
[3.86545e8, -3.7099e7]
[3.86061e8, -3.69149e7]
[3.85576e8, -3.67292e7]
[3.85089e8, -3.65418e7]
[3.846e8, -3.63528e7]
[3.8411e8, -3.61622e7]
[3.83618e8, -3.59701e7]
[3.83124e8, -3.57765e7]
[3.82628e8, -3.55815e7]
[3.8213e8, -3.53851e7]
[3.81631e8, -3.51874e7]
[3.8113e8, -3.49883e7]
[3.80627e8, -3.4788e7]
[3.80122e8, -3.45864e7]
[3.79616e8, -3.43835e7]
[3.79107e8, -3.41795e7]
[3.78597e8, -3.39743e7]
[3.78084e8, -3.3768e7]
[3.7757e8, -3.35606e7]
[3.77054e8, -3.33521e7]
[3.76536e8, -3.31425e7]
[3.76016e8, -3.29319e7]
[3.75494e8, -3.27202e7]
[3.7497e8, -3.25076e7]
[3.74444e8, -3.2294e7]
[3.73917e8, -3.20795e7]
[3.73387e8, -3.1864e7]
[3.72855e8, -3.16476e7]
[3.72321e8, -3.14303e7]
[3.71785e8, -3.12121e7]
[3.71247e8, -3.09931e7]
[3.70707e8, -3.07732e7]
[3.70165e8, -3.05525e7]
[3.69621e8, -3.03309e7]
[3.69074e8, -3.01086e7]
[3.68526e8, -2.98855e7]
[3.67975e8, -2.96616e7]
[3.67423e8, -2.94369e7]
[3.66868e8, -2.92115e7]
[3.66311e8, -2.89853e7]
[3.65752e8, -2.87585e7]
[3.65191e8, -2.85309e7]
[3.64627e8, -2.83026e7]
[3.64061e8, -2.80736e7]
[3.63494e8, -2.78439e7]
[3.62924e8, -2.76136e7]
[3.62351e8, -2.73826e7]
[3.61777e8, -2.7151e7]
[3.612e8, -2.69187e7]
[3.60621e8, -2.66858e7]
[3.60039e8, -2.64522e7]
[3.59456e8, -2.62181e7]
[3.5887e8, -2.59833e7]
[3.58282e8, -2.5748e7]
[3.57691e8, -2.55121e7]
[3.57098e8, -2.52755e7]
[3.56503e8, -2.50385e7]
[3.55906e8, -2.48008e7]
[3.55306e8, -2.45626e7]
[3.54703e8, -2.43238e7]
[3.54099e8, -2.40845e7]
[3.53492e8, -2.38447e7]
[3.52882e8, -2.36044e7]
[3.5227e8, -2.33635e7]
[3.51656e8, -2.31221e7]
[3.51039e8, -2.28802e7]
[3.5042e8, -2.26378e7]
[3.49798e8, -2.23949e7]
[3.49174e8, -2.21515e7]
[3.48548e8, -2.19076e7]
[3.47918e8, -2.16633e7]
[3.47287e8, -2.14184e7]
[3.46653e8, -2.11731e7]
[3.46016e8, -2.09274e7]
[3.45377e8, -2.06812e7]
[3.44735e8, -2.04345e7]
[3.44091e8, -2.01874e7]
[3.43444e8, -1.99399e7]
[3.42794e8, -1.96919e7]
[3.42142e8, -1.94435e7]
[3.41487e8, -1.91947e7]
[3.4083e8, -1.89455e7]
[3.4017e8, -1.86958e7]
[3.39507e8, -1.84457e7]
[3.38842e8, -1.81953e7]
[3.38174e8, -1.79444e7]
[3.37503e8, -1.76931e7]
[3.3683e8, -1.74415e7]
[3.36154e8, -1.71894e7]
[3.35475e8, -1.6937e7]
[3.34793e8, -1.66842e7]
[3.34109e8, -1.6431e7]
[3.33422e8, -1.61775e7]
[3.32732e8, -1.59236e7]
[3.32039e8, -1.56693e7]
[3.31344e8, -1.54147e7]
[3.30645e8, -1.51597e7]
[3.29944e8, -1.49044e7]
[3.2924e8, -1.46488e7]
[3.28533e8, -1.43928e7]
[3.27823e8, -1.41364e7]
[3.27111e8, -1.38798e7]
[3.26395e8, -1.36228e7]
[3.25677e8, -1.33655e7]
[3.24955e8, -1.31078e7]
[3.24231e8, -1.28499e7]
[3.23503e8, -1.25916e7]
[3.22773e8, -1.2333e7]
[3.2204e8, -1.20742e7]
[3.21303e8, -1.1815e7]
[3.20564e8, -1.15555e7]
[3.19822e8, -1.12958e7]
[3.19076e8, -1.10357e7]
[3.18328e8, -1.07754e7]
[3.17576e8, -1.05148e7]
[3.16821e8, -1.02539e7]
[3.16063e8, -9.99273e6]
[3.15302e8, -9.7313e6]
[3.14538e8, -9.4696e6]
[3.13771e8, -9.20765e6]
[3.13e8, -8.94544e6]
[3.12227e8, -8.68297e6]
[3.1145e8, -8.42026e6]
[3.10669e8, -8.1573e6]
[3.09886e8, -7.8941e6]
[3.09099e8, -7.63065e6]
[3.08309e8, -7.36698e6]
[3.07516e8, -7.10308e6]
[3.06719e8, -6.83894e6]
[3.05919e8, -6.57459e6]
[3.05116e8, -6.31002e6]
[3.04309e8, -6.04523e6]
[3.03499e8, -5.78023e6]
[3.02685e8, -5.51503e6]
[3.01868e8, -5.24962e6]
[3.01048e8, -4.98402e6]
[3.00224e8, -4.71822e6]
[2.99396e8, -4.45222e6]
[2.98565e8, -4.18605e6]
[2.97731e8, -3.91969e6]
[2.96892e8, -3.65315e6]
[2.96051e8, -3.38644e6]
[2.95205e8, -3.11955e6]
[2.94356e8, -2.85251e6]
[2.93504e8, -2.5853e6]
[2.92647e8, -2.31793e6]
[2.91787e8, -2.05042e6]
[2.90924e8, -1.78275e6]
[2.90056e8, -1.51494e6]
[2.89185e8, -1.24699e6]
[2.8831e8, -978907.0]
[2.87431e8, -710693.0]
[2.86548e8, -442354.0]
[2.85662e8, -173894.0]
[2.84771e8, 94681.6]
[2.83877e8, 363368.0]
[2.82979e8, 632161.0]
[2.82076e8, 901056.0]
[2.8117e8, 1.17005e6]
[2.8026e8, 1.43913e6]
[2.79345e8, 1.7083e6]
[2.78427e8, 1.97755e6]
[2.77505e8, 2.24687e6]
[2.76578e8, 2.51627e6]
[2.75647e8, 2.78573e6]
[2.74712e8, 3.05525e6]
[2.73773e8, 3.32482e6]
[2.72829e8, 3.59444e6]
[2.71882e8, 3.86411e6]
[2.7093e8, 4.13381e6]
[2.69973e8, 4.40354e6]
[2.69013e8, 4.6733e6]
[2.68047e8, 4.94307e6]
[2.67078e8, 5.21286e6]
[2.66104e8, 5.48266e6]
[2.65125e8, 5.75245e6]
[2.64142e8, 6.02224e6]
[2.63155e8, 6.29201e6]
[2.62162e8, 6.56176e6]
[2.61166e8, 6.83149e6]
[2.60164e8, 7.10118e6]
[2.59158e8, 7.37083e6]
[2.58147e8, 7.64044e6]
[2.57131e8, 7.90998e6]
[2.5611e8, 8.17947e6]
[2.55085e8, 8.44888e6]
[2.54055e8, 8.71821e6]
[2.53019e8, 8.98746e6]
[2.51979e8, 9.25661e6]
[2.50934e8, 9.52566e6]
[2.49883e8, 9.79459e6]
[2.48828e8, 1.00634e7]
[2.47767e8, 1.03321e7]
[2.46702e8, 1.06006e7]
[2.45631e8, 1.0869e7]
[2.44554e8, 1.11373e7]
[2.43473e8, 1.14054e7]
[2.42386e8, 1.16733e7]
[2.41293e8, 1.1941e7]
[2.40195e8, 1.22085e7]
[2.39092e8, 1.24758e7]
[2.37983e8, 1.27429e7]
[2.36868e8, 1.30097e7]
[2.35748e8, 1.32763e7]
[2.34622e8, 1.35427e7]
[2.3349e8, 1.38088e7]
[2.32352e8, 1.40746e7]
[2.31209e8, 1.43402e7]
[2.30059e8, 1.46054e7]
[2.28903e8, 1.48703e7]
[2.27742e8, 1.51349e7]
[2.26574e8, 1.53992e7]
[2.254e8, 1.5663e7]
[2.2422e8, 1.59266e7]
[2.23033e8, 1.61897e7]
[2.2184e8, 1.64524e7]
[2.20641e8, 1.67148e7]
[2.19435e8, 1.69766e7]
[2.18223e8, 1.72381e7]
[2.17004e8, 1.7499e7]
[2.15778e8, 1.77595e7]
[2.14545e8, 1.80195e7]
[2.13305e8, 1.8279e7]
[2.12059e8, 1.85379e7]
[2.10805e8, 1.87963e7]
[2.09544e8, 1.90541e7]
[2.08276e8, 1.93113e7]
[2.07001e8, 1.95678e7]
[2.05718e8, 1.98238e7]
[2.04428e8, 2.0079e7]
[2.0313e8, 2.03336e7]
[2.01825e8, 2.05875e7]
[2.00512e8, 2.08406e7]
[1.99191e8, 2.10929e7]
[1.97862e8, 2.13445e7]
[1.96525e8, 2.15953e7]
[1.9518e8, 2.18452e7]
[1.93826e8, 2.20942e7]
[1.92464e8, 2.23423e7]
[1.91094e8, 2.25895e7]
[1.89715e8, 2.28357e7]
[1.88327e8, 2.3081e7]
[1.86931e8, 2.33251e7]
[1.85525e8, 2.35682e7]
[1.8411e8, 2.38102e7]
[1.82687e8, 2.40511e7]
[1.81253e8, 2.42907e7]
[1.7981e8, 2.45292e7]
[1.78358e8, 2.47663e7]
[1.76896e8, 2.50022e7]
[1.75423e8, 2.52366e7]
[1.73941e8, 2.54697e7]
[1.7247e8, 2.56979e7]
[1.71011e8, 2.59213e7]
[1.69565e8, 2.61399e7]
[1.6813e8, 2.63538e7]
[1.66706e8, 2.6563e7]
[1.65295e8, 2.67677e7]
[1.63895e8, 2.69679e7]
[1.62507e8, 2.71637e7]
[1.6113e8, 2.73551e7]
[1.59765e8, 2.75422e7]
[1.58411e8, 2.77251e7]
[1.57069e8, 2.79038e7]
[1.55737e8, 2.80783e7]
[1.54417e8, 2.82489e7]
[1.53108e8, 2.84154e7]
[1.5181e8, 2.8578e7]
[1.50523e8, 2.87367e7]
[1.49247e8, 2.88917e7]
[1.47981e8, 2.90428e7]
[1.46726e8, 2.91903e7]
[1.45482e8, 2.93341e7]
[1.44248e8, 2.94744e7]
[1.43025e8, 2.96111e7]
[1.41812e8, 2.97444e7]
[1.40609e8, 2.98742e7]
[1.39417e8, 3.00006e7]
[1.38235e8, 3.01238e7]
[1.37063e8, 3.02436e7]
[1.35901e8, 3.03603e7]
[1.34748e8, 3.04738e7]
[1.33606e8, 3.05842e7]
[1.32473e8, 3.06915e7]
[1.31351e8, 3.07958e7]
[1.30237e8, 3.08971e7]
[1.29133e8, 3.09955e7]
[1.28039e8, 3.1091e7]
[1.26954e8, 3.11837e7]
[1.25879e8, 3.12736e7]
[1.24812e8, 3.13607e7]
[1.23755e8, 3.14452e7]
[1.22707e8, 3.1527e7]
[1.21668e8, 3.16062e7]
[1.20637e8, 3.16828e7]
[1.19616e8, 3.17569e7]
[1.18603e8, 3.18284e7]
[1.17599e8, 3.18976e7]
[1.16604e8, 3.19643e7]
[1.15617e8, 3.20286e7]
[1.14639e8, 3.20906e7]
[1.13669e8, 3.21503e7]
[1.12708e8, 3.22078e7]
[1.11754e8, 3.2263e7]
[1.10809e8, 3.23161e7]
[1.09872e8, 3.23669e7]
[1.08943e8, 3.24157e7]
[1.08023e8, 3.24624e7]
[1.0711e8, 3.2507e7]
[1.06204e8, 3.25496e7]
[1.05307e8, 3.25903e7]
[1.04417e8, 3.2629e7]
[1.03535e8, 3.26657e7]
[1.02661e8, 3.27006e7]
[1.01794e8, 3.27336e7]
[1.00934e8, 3.27648e7]
[1.00082e8, 3.27942e7]
[9.92374e7, 3.28219e7]
[9.83998e7, 3.28478e7]
[9.75693e7, 3.28719e7]
[9.6746e7, 3.28945e7]
[9.59297e7, 3.29153e7]
[9.51204e7, 3.29346e7]
[9.4318e7, 3.29522e7]
[9.35224e7, 3.29683e7]
[9.27337e7, 3.29828e7]
[9.19516e7, 3.29958e7]
[9.11763e7, 3.30073e7]
[9.04076e7, 3.30174e7]
[8.96454e7, 3.3026e7]
[8.88897e7, 3.30332e7]
[8.81404e7, 3.3039e7]
[8.73975e7, 3.30434e7]
[8.66609e7, 3.30465e7]
[8.59305e7, 3.30482e7]
[8.52064e7, 3.30487e7]
[8.44884e7, 3.30479e7]
[8.37765e7, 3.30458e7]
[8.30706e7, 3.30425e7]
[8.23707e7, 3.30379e7]
[8.16767e7, 3.30322e7]
[8.09885e7, 3.30253e7]
[8.03062e7, 3.30172e7]
[7.96296e7, 3.3008e7]
[7.89588e7, 3.29977e7]
[7.82935e7, 3.29863e7]
[7.76339e7, 3.29738e7]
[7.69798e7, 3.29603e7]
[7.63312e7, 3.29457e7]
[7.56881e7, 3.29301e7]
[7.50503e7, 3.29135e7]
[7.44179e7, 3.2896e7]
[7.37908e7, 3.28774e7]
[7.31689e7, 3.28579e7]
[7.25522e7, 3.28375e7]
[7.19406e7, 3.28161e7]
[7.13342e7, 3.27939e7]
[7.07328e7, 3.27707e7]
[7.01364e7, 3.27467e7]
[6.9545e7, 3.27219e7]
[6.89585e7, 3.26962e7]
[6.83768e7, 3.26696e7]
[6.78e7, 3.26423e7]
[6.72279e7, 3.26142e7]
[6.66606e7, 3.25853e7]
[6.60979e7, 3.25556e7]
[6.55399e7, 3.25252e7]
[6.49865e7, 3.2494e7]
[6.44377e7, 3.24621e7]
[6.38934e7, 3.24295e7]
[6.33535e7, 3.23962e7]
[6.28181e7, 3.23622e7]
[6.22871e7, 3.23275e7]
[6.17604e7, 3.22922e7]
[6.1238e7, 3.22562e7]
[6.07199e7, 3.22196e7]
[6.0206e7, 3.21824e7]
[5.96964e7, 3.21445e7]
[5.91908e7, 3.21061e7]
[5.86894e7, 3.2067e7]
[5.81921e7, 3.20274e7]
[5.76988e7, 3.19872e7]
[5.72095e7, 3.19465e7]
[5.67241e7, 3.19052e7]
[5.62427e7, 3.18633e7]
[5.57652e7, 3.1821e7]
[5.52915e7, 3.17781e7]
[5.48216e7, 3.17347e7]
[5.43556e7, 3.16908e7]
[5.38932e7, 3.16465e7]
[5.34346e7, 3.16016e7]
[5.29797e7, 3.15563e7]
[5.25284e7, 3.15105e7]
[5.20807e7, 3.14643e7]
[5.16366e7, 3.14176e7]
[5.1196e7, 3.13705e7]
[5.0759e7, 3.1323e7]
[5.03254e7, 3.1275e7]
[4.98953e7, 3.12267e7]
[4.94686e7, 3.11779e7]
[4.90453e7, 3.11288e7]
[4.86253e7, 3.10792e7]
[4.82087e7, 3.10293e7]
[4.77953e7, 3.09791e7]
[4.73853e7, 3.09284e7]
[4.69784e7, 3.08775e7]
[4.65748e7, 3.08261e7]
[4.61743e7, 3.07745e7]
[4.57769e7, 3.07224e7]
[4.53827e7, 3.06701e7]
[4.49916e7, 3.06175e7]
[4.46035e7, 3.05645e7]
[4.42185e7, 3.05113e7]
[4.38364e7, 3.04577e7]
[4.34574e7, 3.04038e7]
[4.30813e7, 3.03497e7]
[4.27081e7, 3.02953e7]
[4.23378e7, 3.02406e7]
[4.19704e7, 3.01856e7]
[4.16058e7, 3.01304e7]
[4.1244e7, 3.00749e7]
[4.08851e7, 3.00192e7]
[4.05289e7, 2.99633e7]
[4.01754e7, 2.9907e7]
[3.98247e7, 2.98506e7]
[3.94766e7, 2.97939e7]
[3.91312e7, 2.9737e7]
[3.87885e7, 2.96799e7]
[3.84484e7, 2.96226e7]
[3.81109e7, 2.95651e7]
[3.77759e7, 2.95074e7]
[3.74436e7, 2.94494e7]
[3.71137e7, 2.93913e7]
[3.67863e7, 2.9333e7]
[3.64615e7, 2.92745e7]
[3.6139e7, 2.92158e7]
[3.58191e7, 2.9157e7]
[3.55015e7, 2.9098e7]
[3.51863e7, 2.90388e7]
[3.48736e7, 2.89794e7]
[3.45631e7, 2.89199e7]
[3.4255e7, 2.88603e7]
[3.39492e7, 2.88005e7]
[3.36457e7, 2.87405e7]
[3.33445e7, 2.86804e7]
[3.30455e7, 2.86202e7]
[3.27488e7, 2.85598e7]
[3.24542e7, 2.84993e7]
[3.21619e7, 2.84387e7]
[3.18717e7, 2.8378e7]
[3.15837e7, 2.83171e7]
[3.12978e7, 2.82561e7]
[3.1014e7, 2.8195e7]
[3.07324e7, 2.81338e7]
[3.04528e7, 2.80725e7]
[3.01752e7, 2.80111e7]
[2.98997e7, 2.79496e7]
[2.96263e7, 2.78879e7]
[2.93548e7, 2.78262e7]
[2.90853e7, 2.77644e7]
[2.88178e7, 2.77026e7]
[2.85523e7, 2.76406e7]
[2.82887e7, 2.75785e7]
[2.8027e7, 2.75164e7]
[2.77672e7, 2.74542e7]
[2.75093e7, 2.73919e7]
[2.72533e7, 2.73295e7]
[2.69991e7, 2.72671e7]
[2.67467e7, 2.72046e7]
[2.64962e7, 2.71421e7]
[2.62475e7, 2.70795e7]
[2.60006e7, 2.70168e7]
[2.57555e7, 2.69541e7]
[2.55121e7, 2.68913e7]
[2.52705e7, 2.68284e7]
[2.50306e7, 2.67656e7]
[2.47924e7, 2.67026e7]
[2.45559e7, 2.66397e7]
[2.43211e7, 2.65766e7]
[2.4088e7, 2.65136e7]
[2.38565e7, 2.64505e7]
[2.36267e7, 2.63873e7]
[2.33985e7, 2.63242e7]
[2.3172e7, 2.6261e7]
[2.2947e7, 2.61977e7]
[2.27236e7, 2.61345e7]
[2.25018e7, 2.60712e7]
[2.22816e7, 2.60079e7]
[2.20629e7, 2.59445e7]
[2.18457e7, 2.58812e7]
[2.16301e7, 2.58178e7]
[2.1416e7, 2.57544e7]
[2.12034e7, 2.56909e7]
[2.09922e7, 2.56275e7]
[2.07825e7, 2.55641e7]
[2.05743e7, 2.55006e7]
[2.03676e7, 2.54371e7]
[2.01623e7, 2.53737e7]
[1.99584e7, 2.53102e7]
[1.97559e7, 2.52467e7]
[1.95548e7, 2.51832e7]
[1.93551e7, 2.51197e7]
[1.91568e7, 2.50562e7]
[1.89598e7, 2.49927e7]
[1.87642e7, 2.49292e7]
[1.85699e7, 2.48657e7]
[1.8377e7, 2.48022e7]
[1.81854e7, 2.47387e7]
[1.79951e7, 2.46752e7]
[1.78061e7, 2.46117e7]
[1.76184e7, 2.45482e7]
[1.7432e7, 2.44847e7]
[1.72468e7, 2.44213e7]
[1.70629e7, 2.43578e7]
[1.68803e7, 2.42944e7]
[1.66988e7, 2.4231e7]
[1.65187e7, 2.41676e7]
[1.63397e7, 2.41042e7]
[1.61619e7, 2.40408e7]
[1.59853e7, 2.39774e7]
[1.58099e7, 2.39141e7]
[1.56357e7, 2.38508e7]
[1.54627e7, 2.37875e7]
[1.52908e7, 2.37242e7]
[1.51201e7, 2.36609e7]
[1.49505e7, 2.35977e7]
[1.4782e7, 2.35345e7]
[1.46147e7, 2.34713e7]
[1.44485e7, 2.34081e7]
[1.42833e7, 2.3345e7]
[1.41193e7, 2.32818e7]
[1.39564e7, 2.32188e7]
[1.37945e7, 2.31557e7]
[1.36337e7, 2.30927e7]
[1.3474e7, 2.30296e7]
[1.33153e7, 2.29667e7]
[1.31577e7, 2.29037e7]
[1.30011e7, 2.28408e7]
[1.28455e7, 2.27779e7]
[1.26909e7, 2.27151e7]
[1.25374e7, 2.26522e7]
[1.23848e7, 2.25894e7]
[1.22333e7, 2.25267e7]
[1.20827e7, 2.2464e7]
[1.19331e7, 2.24013e7]
[1.17845e7, 2.23386e7]
[1.16369e7, 2.2276e7]
[1.14902e7, 2.22134e7]
[1.13444e7, 2.21509e7]
[1.11996e7, 2.20883e7]
[1.10558e7, 2.20259e7]
[1.09128e7, 2.19634e7]
[1.07708e7, 2.1901e7]
[1.06297e7, 2.18387e7]
[1.04895e7, 2.17764e7]
[1.03502e7, 2.17141e7]
[1.02118e7, 2.16518e7]
[1.00743e7, 2.15896e7]
[9.9376e6, 2.15275e7]
[9.80183e6, 2.14653e7]
[9.66691e6, 2.14032e7]
[9.53286e6, 2.13412e7]
[9.39965e6, 2.12792e7]
[9.26729e6, 2.12172e7]
[9.13577e6, 2.11553e7]
[9.00508e6, 2.10934e7]
[8.87521e6, 2.10316e7]
[8.74616e6, 2.09698e7]
[8.61793e6, 2.0908e7]
[8.4905e6, 2.08463e7]
[8.36388e6, 2.07847e7]
[8.23805e6, 2.0723e7]
[8.113e6, 2.06615e7]
[7.98874e6, 2.05999e7]
[7.86526e6, 2.05384e7]
[7.74255e6, 2.0477e7]
[7.6206e6, 2.04156e7]
[7.49941e6, 2.03542e7]
[7.37897e6, 2.02929e7]
[7.25929e6, 2.02316e7]
[7.14034e6, 2.01704e7]
[7.02213e6, 2.01092e7]
[6.90466e6, 2.0048e7]
[6.7879e6, 1.99869e7]
[6.67187e6, 1.99259e7]
[6.55656e6, 1.98648e7]
[6.44195e6, 1.98039e7]
[6.32805e6, 1.9743e7]
[6.21485e6, 1.96821e7]
[6.10234e6, 1.96212e7]
[5.99052e6, 1.95604e7]
[5.87939e6, 1.94997e7]
[5.76893e6, 1.9439e7]
[5.65915e6, 1.93783e7]
[5.55004e6, 1.93177e7]
[5.44159e6, 1.92572e7]
[5.3338e6, 1.91966e7]
[5.22667e6, 1.91361e7]
[5.12018e6, 1.90757e7]
[5.01434e6, 1.90153e7]
[4.90915e6, 1.8955e7]
[4.80458e6, 1.88947e7]
[4.70065e6, 1.88344e7]
[4.59735e6, 1.87742e7]
[4.49466e6, 1.8714e7]
[4.3926e6, 1.86539e7]
[4.29115e6, 1.85938e7]
[4.1903e6, 1.85337e7]
[4.09006e6, 1.84737e7]
[3.99043e6, 1.84138e7]
[3.89138e6, 1.83539e7]
[3.79293e6, 1.8294e7]
[3.69507e6, 1.82342e7]
[3.59779e6, 1.81744e7]
[3.50109e6, 1.81146e7]
[3.40496e6, 1.80549e7]
[3.30941e6, 1.79953e7]
[3.21442e6, 1.79357e7]
[3.12e6, 1.78761e7]
[3.02613e6, 1.78166e7]
[2.93282e6, 1.77571e7]
[2.84006e6, 1.76976e7]
[2.74785e6, 1.76382e7]
[2.65618e6, 1.75788e7]
[2.56506e6, 1.75195e7]
[2.47446e6, 1.74602e7]
[2.3844e6, 1.7401e7]
[2.29487e6, 1.73418e7]
[2.20587e6, 1.72826e7]
[2.11739e6, 1.72235e7]
[2.02942e6, 1.71644e7]
[1.94197e6, 1.71053e7]
[1.85503e6, 1.70463e7]
[1.76859e6, 1.69874e7]
[1.68266e6, 1.69284e7]
[1.59724e6, 1.68695e7]
[1.5123e6, 1.68107e7]
[1.42787e6, 1.67518e7]
[1.34392e6, 1.66931e7]
[1.26046e6, 1.66343e7]
[1.17748e6, 1.65756e7]
[1.09498e6, 1.65169e7]
[1.01297e6, 1.64583e7]
[931421.0, 1.63997e7]
[850347.0, 1.63411e7]
[769741.0, 1.62826e7]
[689600.0, 1.62241e7]
[609921.0, 1.61657e7]
[530700.0, 1.61072e7]
[451934.0, 1.60488e7]
[373622.0, 1.59905e7]
[295758.0, 1.59322e7]
[218342.0, 1.58739e7]
[141369.0, 1.58156e7]
[64837.1, 1.57574e7]
[-11256.9, 1.56992e7]
[-86915.7, 1.5641e7]
[-162142.0, 1.55829e7]
[-236939.0, 1.55248e7]
[-311310.0, 1.54668e7]
[-385256.0, 1.54087e7]
[-458781.0, 1.53507e7]
[-531887.0, 1.52927e7]
[-604578.0, 1.52348e7]
[-676855.0, 1.51769e7]
[-748721.0, 1.5119e7]
[-820180.0, 1.50611e7]
[-891233.0, 1.50033e7]
[-961883.0, 1.49455e7]
[-1.03213e6, 1.48877e7]
[-1.10198e6, 1.483e7]
[-1.17144e6, 1.47723e7]
[-1.2405e6, 1.47146e7]
[-1.30918e6, 1.46569e7]
[-1.37746e6, 1.45992e7]
[-1.44536e6, 1.45416e7]
[-1.51288e6, 1.4484e7]
[-1.58001e6, 1.44265e7]
[-1.64677e6, 1.43689e7]
[-1.71315e6, 1.43114e7]
[-1.77916e6, 1.42539e7]
[-1.84479e6, 1.41964e7]
[-1.91005e6, 1.41389e7]
[-1.97495e6, 1.40815e7]
[-2.03948e6, 1.40241e7]
[-2.10365e6, 1.39667e7]
[-2.16746e6, 1.39093e7]
[-2.23091e6, 1.3852e7]
[-2.29401e6, 1.37947e7]
[-2.35675e6, 1.37373e7]
[-2.41913e6, 1.36801e7]
[-2.48117e6, 1.36228e7]
[-2.54286e6, 1.35655e7]
[-2.6042e6, 1.35083e7]
[-2.6652e6, 1.34511e7]
[-2.72586e6, 1.33939e7]
[-2.78617e6, 1.33367e7]
[-2.84615e6, 1.32795e7]
[-2.90579e6, 1.32223e7]
[-2.9651e6, 1.31652e7]
[-3.02407e6, 1.31081e7]
[-3.08272e6, 1.3051e7]
[-3.14103e6, 1.29939e7]
[-3.19902e6, 1.29368e7]
[-3.25669e6, 1.28797e7]
[-3.31403e6, 1.28226e7]
[-3.37105e6, 1.27656e7]
[-3.42775e6, 1.27085e7]
[-3.48413e6, 1.26515e7]
[-3.54019e6, 1.25945e7]
[-3.59594e6, 1.25375e7]
[-3.65138e6, 1.24805e7]
[-3.70651e6, 1.24235e7]
[-3.76133e6, 1.23665e7]
[-3.81584e6, 1.23096e7]
[-3.87004e6, 1.22526e7]
[-3.92394e6, 1.21956e7]
[-3.97753e6, 1.21387e7]
[-4.03083e6, 1.20817e7]
[-4.08382e6, 1.20248e7]
[-4.13652e6, 1.19679e7]
[-4.18892e6, 1.19109e7]
[-4.24103e6, 1.1854e7]
[-4.29284e6, 1.17971e7]
[-4.34436e6, 1.17402e7]
[-4.39559e6, 1.16833e7]
[-4.44653e6, 1.16263e7]
[-4.49718e6, 1.15694e7]
[-4.54754e6, 1.15125e7]
[-4.59762e6, 1.14556e7]
[-4.64742e6, 1.13987e7]
[-4.69693e6, 1.13418e7]
[-4.74617e6, 1.12849e7]
[-4.79512e6, 1.1228e7]
[-4.8438e6, 1.11711e7]
[-4.8922e6, 1.11141e7]
[-4.94032e6, 1.10572e7]
[-4.98817e6, 1.10003e7]
[-5.03575e6, 1.09434e7]
[-5.08305e6, 1.08865e7]
[-5.13009e6, 1.08295e7]
[-5.17685e6, 1.07726e7]
[-5.22335e6, 1.07156e7]
[-5.26958e6, 1.06587e7]
[-5.31555e6, 1.06017e7]
[-5.36125e6, 1.05448e7]
[-5.40668e6, 1.04878e7]
[-5.45186e6, 1.04308e7]
[-5.49677e6, 1.03738e7]
[-5.54143e6, 1.03168e7]
[-5.58583e6, 1.02598e7]
[-5.62996e6, 1.02028e7]
[-5.67384e6, 1.01458e7]
[-5.71747e6, 1.00888e7]
[-5.76084e6, 1.00317e7]
[-5.80396e6, 9.97465e6]
[-5.84683e6, 9.91758e6]
[-5.88944e6, 9.86049e6]
[-5.9318e6, 9.80339e6]
[-5.97392e6, 9.74628e6]
[-6.01578e6, 9.68915e6]
[-6.0574e6, 9.63201e6]
[-6.09877e6, 9.57485e6]
[-6.1399e6, 9.51767e6]
[-6.18078e6, 9.46048e6]
[-6.22142e6, 9.40327e6]
[-6.26181e6, 9.34605e6]
[-6.30197e6, 9.2888e6]
[-6.34188e6, 9.23154e6]
[-6.38155e6, 9.17426e6]
[-6.42098e6, 9.11696e6]
[-6.46017e6, 9.05964e6]
[-6.49913e6, 9.0023e6]
[-6.53785e6, 8.94494e6]
[-6.57633e6, 8.88756e6]
[-6.61457e6, 8.83015e6]
[-6.65259e6, 8.77272e6]
[-6.69036e6, 8.71527e6]
[-6.72791e6, 8.6578e6]
[-6.76522e6, 8.60031e6]
[-6.8023e6, 8.54278e6]
[-6.83915e6, 8.48524e6]
[-6.87576e6, 8.42767e6]
[-6.91215e6, 8.37007e6]
[-6.94831e6, 8.31245e6]
[-6.98424e6, 8.2548e6]
[-7.01995e6, 8.19713e6]
[-7.05542e6, 8.13943e6]
[-7.09067e6, 8.0817e6]
[-7.1257e6, 8.02394e6]
[-7.16049e6, 7.96616e6]
[-7.19507e6, 7.90834e6]
[-7.22942e6, 7.8505e6]
[-7.26354e6, 7.79262e6]
[-7.29744e6, 7.73472e6]
[-7.33112e6, 7.67678e6]
[-7.36458e6, 7.61882e6]
[-7.39782e6, 7.56082e6]
[-7.43083e6, 7.50279e6]
[-7.46363e6, 7.44473e6]
[-7.4962e6, 7.38663e6]
[-7.52856e6, 7.3285e6]
[-7.5607e6, 7.27034e6]
[-7.59261e6, 7.21215e6]
[-7.62431e6, 7.15392e6]
[-7.6558e6, 7.09565e6]
[-7.68706e6, 7.03736e6]
[-7.71811e6, 6.97902e6]
[-7.74894e6, 6.92065e6]
[-7.77955e6, 6.86225e6]
[-7.80995e6, 6.8038e6]
[-7.84014e6, 6.74533e6]
[-7.87011e6, 6.68681e6]
[-7.89986e6, 6.62826e6]
[-7.9294e6, 6.56967e6]
[-7.95873e6, 6.51104e6]
[-7.98784e6, 6.45237e6]
[-8.01674e6, 6.39367e6]
[-8.04543e6, 6.33492e6]
[-8.0739e6, 6.27614e6]
[-8.10217e6, 6.21731e6]
[-8.13021e6, 6.15845e6]
[-8.15805e6, 6.09955e6]
[-8.18568e6, 6.0406e6]
[-8.21309e6, 5.98162e6]
[-8.2403e6, 5.92259e6]
[-8.26729e6, 5.86353e6]
[-8.29407e6, 5.80442e6]
[-8.32065e6, 5.74527e6]
[-8.34701e6, 5.68608e6]
[-8.37316e6, 5.62685e6]
[-8.3991e6, 5.56757e6]
[-8.42484e6, 5.50825e6]
[-8.45036e6, 5.44889e6]
[-8.47567e6, 5.38949e6]
[-8.50078e6, 5.33004e6]
[-8.52568e6, 5.27055e6]
[-8.55036e6, 5.21102e6]
[-8.57484e6, 5.15144e6]
[-8.59912e6, 5.09182e6]
[-8.62318e6, 5.03215e6]
[-8.64703e6, 4.97244e6]
[-8.67068e6, 4.91269e6]
[-8.69412e6, 4.85289e6]
[-8.71735e6, 4.79305e6]
[-8.74038e6, 4.73316e6]
[-8.76319e6, 4.67323e6]
[-8.7858e6, 4.61325e6]
[-8.80821e6, 4.55323e6]
[-8.8304e6, 4.49316e6]
[-8.85239e6, 4.43305e6]
[-8.87417e6, 4.37289e6]
[-8.89574e6, 4.31268e6]
[-8.91711e6, 4.25244e6]
[-8.93827e6, 4.19214e6]
[-8.95923e6, 4.1318e6]
[-8.97997e6, 4.07141e6]
[-9.00052e6, 4.01098e6]
[-9.02085e6, 3.9505e6]
[-9.04098e6, 3.88998e6]
[-9.0609e6, 3.82941e6]
[-9.08062e6, 3.76879e6]
[-9.10013e6, 3.70813e6]
[-9.11943e6, 3.64742e6]
[-9.13853e6, 3.58666e6]
[-9.15742e6, 3.52586e6]
[-9.1761e6, 3.46501e6]
[-9.19458e6, 3.40412e6]
[-9.21285e6, 3.34318e6]
[-9.23092e6, 3.2822e6]
[-9.24878e6, 3.22116e6]
[-9.26643e6, 3.16009e6]
[-9.28388e6, 3.09896e6]
[-9.30112e6, 3.03779e6]
[-9.31816e6, 2.97657e6]
[-9.33499e6, 2.91531e6]
[-9.35162e6, 2.854e6]
[-9.36804e6, 2.79265e6]
[-9.38425e6, 2.73125e6]
[-9.40026e6, 2.6698e6]
[-9.41606e6, 2.60831e6]
[-9.43166e6, 2.54677e6]
[-9.44705e6, 2.48518e6]
[-9.46223e6, 2.42355e6]
[-9.47721e6, 2.36187e6]
[-9.49199e6, 2.30015e6]
[-9.50655e6, 2.23838e6]
[-9.52092e6, 2.17657e6]
[-9.53507e6, 2.11471e6]
[-9.54902e6, 2.0528e6]
[-9.56277e6, 1.99085e6]
[-9.57631e6, 1.92885e6]
[-9.58964e6, 1.86681e6]
[-9.60277e6, 1.80472e6]
[-9.61569e6, 1.74259e6]
[-9.62841e6, 1.68041e6]
[-9.64092e6, 1.61818e6]
[-9.65323e6, 1.55591e6]
[-9.66533e6, 1.4936e6]
[-9.67722e6, 1.43123e6]
[-9.68891e6, 1.36883e6]
[-9.7004e6, 1.30638e6]
[-9.71168e6, 1.24388e6]
[-9.72275e6, 1.18133e6]
[-9.73362e6, 1.11874e6]
[-9.74428e6, 1.05611e6]
[-9.75474e6, 993431.0]
[-9.76499e6, 930706.0]
[-9.77503e6, 867936.0]
[-9.78487e6, 805120.0]
[-9.79451e6, 742258.0]
[-9.80394e6, 679351.0]
[-9.81316e6, 616399.0]
[-9.82218e6, 553401.0]
[-9.831e6, 490357.0]
[-9.83961e6, 427268.0]
[-9.84801e6, 364133.0]
[-9.85621e6, 300952.0]
[-9.8642e6, 237725.0]
[-9.87199e6, 174452.0]
[-9.87957e6, 111134.0]
[-9.88695e6, 47768.8]
[-9.89412e6, -15642.1]
[-9.90108e6, -79099.4]
[-9.90785e6, -142603.0]
[-9.9144e6, -206153.0]
[-9.92075e6, -269750.0]
[-9.9269e6, -333394.0]
[-9.93284e6, -397084.0]
[-9.93857e6, -460822.0]
[-9.9441e6, -524606.0]
[-9.94943e6, -588438.0]
[-9.95455e6, -652318.0]
[-9.95946e6, -716245.0]
[-9.96417e6, -780221.0]
[-9.96867e6, -844244.0]
[-9.97297e6, -908316.0]
[-9.97707e6, -972436.0]
[-9.98095e6, -1.0366e6]
[-9.98464e6, -1.10082e6]
[-9.98811e6, -1.16509e6]
[-9.99138e6, -1.22941e6]
[-9.99445e6, -1.29377e6]
[-9.99731e6, -1.35819e6]
[-9.99997e6, -1.42265e6]
[-1.00024e7, -1.48717e6]
[-1.00047e7, -1.55174e6]
[-1.00067e7, -1.61636e6]
[-1.00085e7, -1.68103e6]
[-1.00102e7, -1.74575e6]
[-1.00116e7, -1.81052e6]
[-1.00128e7, -1.87535e6]
[-1.00138e7, -1.94023e6]
[-1.00146e7, -2.00516e6]
[-1.00152e7, -2.07015e6]
[-1.00156e7, -2.13519e6]
[-1.00158e7, -2.20028e6]
[-1.00157e7, -2.26543e6]
[-1.00155e7, -2.33063e6]
[-1.00151e7, -2.39589e6]
[-1.00144e7, -2.4612e6]
[-1.00136e7, -2.52657e6]
[-1.00125e7, -2.592e6]
[-1.00113e7, -2.65748e6]
[-1.00098e7, -2.72303e6]
[-1.00081e7, -2.78863e6]
[-1.00062e7, -2.85428e6]
[-1.00041e7, -2.92e6]
[-1.00018e7, -2.98578e6]
[-9.99932e6, -3.05161e6]
[-9.9966e6, -3.11751e6]
[-9.99368e6, -3.18347e6]
[-9.99054e6, -3.24949e6]
[-9.9872e6, -3.31557e6]
[-9.98364e6, -3.38171e6]
[-9.97988e6, -3.44792e6]
[-9.97591e6, -3.51419e6]
[-9.97173e6, -3.58052e6]
[-9.96733e6, -3.64692e6]
[-9.96273e6, -3.71339e6]
[-9.95792e6, -3.77992e6]
[-9.95289e6, -3.84651e6]
[-9.94766e6, -3.91318e6]
[-9.94221e6, -3.97991e6]
[-9.93656e6, -4.04671e6]
[-9.93069e6, -4.11358e6]
[-9.92461e6, -4.18051e6]
[-9.91831e6, -4.24752e6]
[-9.91181e6, -4.3146e6]
[-9.90509e6, -4.38175e6]
[-9.89815e6, -4.44898e6]
[-9.89101e6, -4.51627e6]
[-9.88365e6, -4.58364e6]
[-9.87607e6, -4.65108e6]
[-9.86828e6, -4.7186e6]
[-9.86027e6, -4.7862e6]
[-9.85205e6, -4.85387e6]
[-9.84362e6, -4.92161e6]
[-9.83496e6, -4.98944e6]
[-9.82609e6, -5.05734e6]
[-9.817e6, -5.12532e6]
[-9.8077e6, -5.19339e6]
[-9.79818e6, -5.26153e6]
[-9.78843e6, -5.32976e6]
[-9.77847e6, -5.39806e6]
[-9.76829e6, -5.46645e6]
[-9.75789e6, -5.53493e6]
[-9.74727e6, -5.60348e6]
[-9.73643e6, -5.67213e6]
[-9.72536e6, -5.74086e6]
[-9.71408e6, -5.80967e6]
[-9.70257e6, -5.87858e6]
[-9.69084e6, -5.94757e6]
[-9.67888e6, -6.01665e6]
[-9.6667e6, -6.08582e6]
[-9.6543e6, -6.15509e6]
[-9.64166e6, -6.22444e6]
[-9.62881e6, -6.29389e6]
[-9.61572e6, -6.36343e6]
[-9.60241e6, -6.43306e6]
[-9.58888e6, -6.50279e6]
[-9.57511e6, -6.57262e6]
[-9.56111e6, -6.64255e6]
[-9.54688e6, -6.71257e6]
[-9.53243e6, -6.78269e6]
[-9.51774e6, -6.85291e6]
[-9.50282e6, -6.92323e6]
[-9.48766e6, -6.99365e6]
[-9.47228e6, -7.06417e6]
[-9.45665e6, -7.1348e6]
[-9.4408e6, -7.20553e6]
[-9.42471e6, -7.27637e6]
[-9.40838e6, -7.34731e6]
[-9.39181e6, -7.41836e6]
[-9.37501e6, -7.48952e6]
[-9.35796e6, -7.56079e6]
[-9.34068e6, -7.63217e6]
[-9.32315e6, -7.70365e6]
[-9.30539e6, -7.77525e6]
[-9.28738e6, -7.84697e6]
[-9.26913e6, -7.91879e6]
[-9.25063e6, -7.99073e6]
[-9.23189e6, -8.06279e6]
[-9.2129e6, -8.13496e6]
[-9.19367e6, -8.20725e6]
[-9.17419e6, -8.27966e6]
[-9.15446e6, -8.35219e6]
[-9.13448e6, -8.42484e6]
[-9.11425e6, -8.49761e6]
[-9.09376e6, -8.57051e6]
[-9.07303e6, -8.64353e6]
[-9.05204e6, -8.71667e6]
[-9.03079e6, -8.78994e6]
[-9.00929e6, -8.86334e6]
[-8.98753e6, -8.93686e6]
[-8.96552e6, -9.01051e6]
[-8.94324e6, -9.0843e6]
[-8.92071e6, -9.15821e6]
[-8.89791e6, -9.23226e6]
[-8.87485e6, -9.30644e6]
[-8.85152e6, -9.38075e6]
[-8.82794e6, -9.4552e6]
[-8.80408e6, -9.52979e6]
[-8.77996e6, -9.60452e6]
[-8.75557e6, -9.67938e6]
[-8.73091e6, -9.75438e6]
[-8.70598e6, -9.82953e6]
[-8.68077e6, -9.90481e6]
[-8.6553e6, -9.98025e6]
[-8.62954e6, -1.00558e7]
[-8.60352e6, -1.01315e7]
[-8.57721e6, -1.02074e7]
[-8.55062e6, -1.02834e7]
[-8.52376e6, -1.03596e7]
[-8.49661e6, -1.04359e7]
[-8.46918e6, -1.05124e7]
[-8.44147e6, -1.0589e7]
[-8.41347e6, -1.06658e7]
[-8.38518e6, -1.07427e7]
[-8.35661e6, -1.08198e7]
[-8.32774e6, -1.0897e7]
[-8.29859e6, -1.09744e7]
[-8.26914e6, -1.1052e7]
[-8.23939e6, -1.11297e7]
[-8.20935e6, -1.12076e7]
[-8.17901e6, -1.12856e7]
[-8.14838e6, -1.13638e7]
[-8.11744e6, -1.14422e7]
[-8.0862e6, -1.15207e7]
[-8.05465e6, -1.15995e7]
[-8.0228e6, -1.16783e7]
[-7.99064e6, -1.17574e7]
[-7.95818e6, -1.18366e7]
[-7.9254e6, -1.1916e7]
[-7.89231e6, -1.19956e7]
[-7.85891e6, -1.20753e7]
[-7.82518e6, -1.21553e7]
[-7.79115e6, -1.22354e7]
[-7.75679e6, -1.23157e7]
[-7.72211e6, -1.23961e7]
[-7.68711e6, -1.24768e7]
[-7.65178e6, -1.25576e7]
[-7.61613e6, -1.26386e7]
[-7.58015e6, -1.27198e7]
[-7.54384e6, -1.28012e7]
[-7.50719e6, -1.28828e7]
[-7.47021e6, -1.29646e7]
[-7.4329e6, -1.30466e7]
[-7.39524e6, -1.31287e7]
[-7.35725e6, -1.32111e7]
[-7.31891e6, -1.32936e7]
[-7.28023e6, -1.33764e7]
[-7.2412e6, -1.34593e7]
[-7.20183e6, -1.35425e7]
[-7.1621e6, -1.36258e7]
[-7.12202e6, -1.37094e7]
[-7.08159e6, -1.37931e7]
[-7.0408e6, -1.38771e7]
[-6.99965e6, -1.39612e7]
[-6.95814e6, -1.40456e7]
[-6.91626e6, -1.41302e7]
[-6.87402e6, -1.4215e7]
[-6.83141e6, -1.43e7]
[-6.78843e6, -1.43853e7]
[-6.74508e6, -1.44707e7]
[-6.70135e6, -1.45564e7]
[-6.65724e6, -1.46423e7]
[-6.61276e6, -1.47284e7]
[-6.56789e6, -1.48147e7]
[-6.52264e6, -1.49012e7]
[-6.477e6, -1.4988e7]
[-6.43097e6, -1.5075e7]
[-6.38454e6, -1.51622e7]
[-6.33773e6, -1.52497e7]
[-6.29051e6, -1.53374e7]
[-6.2429e6, -1.54253e7]
[-6.19488e6, -1.55135e7]
[-6.14646e6, -1.56019e7]
[-6.09763e6, -1.56905e7]
[-6.04839e6, -1.57794e7]
[-5.99874e6, -1.58685e7]
[-5.94867e6, -1.59579e7]
[-5.89818e6, -1.60475e7]
[-5.84727e6, -1.61373e7]
[-5.79594e6, -1.62274e7]
[-5.74418e6, -1.63178e7]
[-5.69198e6, -1.64084e7]
[-5.63936e6, -1.64992e7]
[-5.5863e6, -1.65903e7]
[-5.5328e6, -1.66817e7]
[-5.47886e6, -1.67733e7]
[-5.42447e6, -1.68652e7]
[-5.36964e6, -1.69573e7]
[-5.31436e6, -1.70497e7]
[-5.25862e6, -1.71424e7]
[-5.20242e6, -1.72353e7]
[-5.14577e6, -1.73285e7]
[-5.08865e6, -1.7422e7]
[-5.03106e6, -1.75158e7]
[-4.973e6, -1.76098e7]
[-4.91447e6, -1.77041e7]
[-4.85547e6, -1.77986e7]
[-4.79598e6, -1.78935e7]
[-4.73601e6, -1.79886e7]
[-4.67555e6, -1.8084e7]
[-4.6146e6, -1.81797e7]
[-4.55316e6, -1.82757e7]
[-4.49123e6, -1.8372e7]
[-4.42879e6, -1.84685e7]
[-4.36584e6, -1.85654e7]
[-4.30239e6, -1.86625e7]
[-4.23843e6, -1.876e7]
[-4.17395e6, -1.88577e7]
[-4.10895e6, -1.89558e7]
[-4.04344e6, -1.90541e7]
[-3.97739e6, -1.91527e7]
[-3.91081e6, -1.92517e7]
[-3.8437e6, -1.9351e7]
[-3.77605e6, -1.94505e7]
[-3.70786e6, -1.95504e7]
[-3.63912e6, -1.96506e7]
[-3.56984e6, -1.97511e7]
[-3.5e6, -1.98519e7]
[-3.4296e6, -1.99531e7]
[-3.35864e6, -2.00545e7]
[-3.28711e6, -2.01563e7]
[-3.21501e6, -2.02584e7]
[-3.14234e6, -2.03609e7]
[-3.06908e6, -2.04637e7]
[-2.99525e6, -2.05668e7]
[-2.92082e6, -2.06702e7]
[-2.84581e6, -2.0774e7]
[-2.7702e6, -2.08781e7]
[-2.69398e6, -2.09825e7]
[-2.61716e6, -2.10873e7]
[-2.53973e6, -2.11925e7]
[-2.46169e6, -2.1298e7]
[-2.38303e6, -2.14038e7]
[-2.30374e6, -2.151e7]
[-2.22382e6, -2.16165e7]
[-2.14327e6, -2.17234e7]
[-2.06208e6, -2.18307e7]
[-1.98025e6, -2.19383e7]
[-1.89777e6, -2.20463e7]
[-1.81463e6, -2.21546e7]
[-1.73084e6, -2.22633e7]
[-1.64638e6, -2.23724e7]
[-1.56126e6, -2.24819e7]
[-1.47546e6, -2.25917e7]
[-1.38898e6, -2.27019e7]
[-1.30182e6, -2.28125e7]
[-1.21397e6, -2.29234e7]
[-1.12542e6, -2.30348e7]
[-1.03617e6, -2.31465e7]
[-946218.0, -2.32586e7]
[-855554.0, -2.33712e7]
[-764172.0, -2.34841e7]
[-672069.0, -2.35974e7]
[-579236.0, -2.37111e7]
[-485670.0, -2.38252e7]
[-391364.0, -2.39397e7]
[-296313.0, -2.40546e7]
[-200510.0, -2.41699e7]
[-103949.0, -2.42857e7]
[-6625.36, -2.44018e7]
[91468.3, -2.45184e7]
[190338.0, -2.46354e7]
[289989.0, -2.47528e7]
[390428.0, -2.48706e7]
[491662.0, -2.49888e7]
[593697.0, -2.51075e7]
[696539.0, -2.52267e7]
[800195.0, -2.53462e7]
[904671.0, -2.54662e7]
[1.00997e6, -2.55866e7]
[1.11611e6, -2.57075e7]
[1.22309e6, -2.58288e7]
[1.33091e6, -2.59506e7]
[1.43959e6, -2.60728e7]
[1.54913e6, -2.61955e7]
[1.65954e6, -2.63186e7]
[1.77082e6, -2.64422e7]
[1.88298e6, -2.65663e7]
[1.99604e6, -2.66908e7]
[2.10999e6, -2.68158e7]
[2.22484e6, -2.69413e7]
[2.34061e6, -2.70672e7]
[2.4573e6, -2.71936e7]
[2.57491e6, -2.73205e7]
[2.69345e6, -2.74479e7]
[2.81294e6, -2.75758e7]
[2.93338e6, -2.77041e7]
[3.05478e6, -2.7833e7]
[3.17714e6, -2.79623e7]
[3.30047e6, -2.80922e7]
[3.42479e6, -2.82225e7]
[3.5501e6, -2.83534e7]
[3.6764e6, -2.84847e7]
[3.80371e6, -2.86166e7]
[3.93204e6, -2.8749e7]
[4.06139e6, -2.88819e7]
[4.19177e6, -2.90153e7]
[4.32319e6, -2.91493e7]
[4.45566e6, -2.92838e7]
[4.5892e6, -2.94188e7]
[4.72379e6, -2.95543e7]
[4.85947e6, -2.96904e7]
[4.99622e6, -2.9827e7]
[5.13408e6, -2.99642e7]
[5.27304e6, -3.01019e7]
[5.41311e6, -3.02402e7]
[5.5543e6, -3.0379e7]
[5.69662e6, -3.05184e7]
[5.84009e6, -3.06583e7]
[5.98471e6, -3.07988e7]
[6.13049e6, -3.09399e7]
[6.27744e6, -3.10816e7]
[6.42557e6, -3.12238e7]
[6.5749e6, -3.13666e7]
[6.72543e6, -3.151e7]
[6.87716e6, -3.16539e7]
[7.03013e6, -3.17985e7]
[7.18432e6, -3.19437e7]
[7.33976e6, -3.20894e7]
[7.49645e6, -3.22358e7]
[7.65441e6, -3.23827e7]
[7.81364e6, -3.25303e7]
[7.97417e6, -3.26785e7]
[8.13599e6, -3.28273e7]
[8.29912e6, -3.29767e7]
[8.46357e6, -3.31267e7]
[8.62935e6, -3.32774e7]
[8.79648e6, -3.34287e7]
[8.96497e6, -3.35806e7]
[9.13482e6, -3.37332e7]
[9.30606e6, -3.38864e7]
[9.47868e6, -3.40402e7]
[9.65271e6, -3.41947e7]
[9.82816e6, -3.43499e7]
[1.0005e7, -3.45057e7]
[1.01834e7, -3.46622e7]
[1.03631e7, -3.48194e7]
[1.05444e7, -3.49772e7]
[1.07271e7, -3.51357e7]
[1.09113e7, -3.52949e7]
[1.1097e7, -3.54548e7]
[1.12843e7, -3.56153e7]
[1.1473e7, -3.57766e7]
[1.16634e7, -3.59385e7]
[1.18552e7, -3.61011e7]
[1.20487e7, -3.62645e7]
[1.22438e7, -3.64286e7]
[1.24404e7, -3.65933e7]
[1.26387e7, -3.67588e7]
[1.28386e7, -3.6925e7]
[1.30401e7, -3.7092e7]
[1.32433e7, -3.72596e7]
[1.34482e7, -3.7428e7]
[1.36548e7, -3.75972e7]
[1.38631e7, -3.77671e7]
[1.40731e7, -3.79377e7]
[1.42848e7, -3.81091e7]
[1.44983e7, -3.82813e7]
[1.47136e7, -3.84542e7]
[1.49307e7, -3.86279e7]
[1.51495e7, -3.88023e7]
[1.53702e7, -3.89776e7]
[1.55927e7, -3.91536e7]
[1.5817e7, -3.93304e7]
[1.60433e7, -3.9508e7]
[1.62714e7, -3.96864e7]
[1.65014e7, -3.98656e7]
[1.67333e7, -4.00456e7]
[1.69672e7, -4.02264e7]
[1.7203e7, -4.0408e7]
[1.74408e7, -4.05904e7]
[1.76806e7, -4.07737e7]
[1.79224e7, -4.09578e7]
[1.81662e7, -4.11427e7]
[1.84121e7, -4.13285e7]
[1.866e7, -4.15151e7]
[1.891e7, -4.17026e7]
[1.91622e7, -4.18909e7]
[1.94164e7, -4.20801e7]
[1.96728e7, -4.22702e7]
[1.99313e7, -4.24611e7]
[2.01921e7, -4.26529e7]
[2.0455e7, -4.28456e7]
[2.07202e7, -4.30392e7]
[2.09876e7, -4.32336e7]
[2.12572e7, -4.3429e7]
[2.15292e7, -4.36252e7]
[2.18034e7, -4.38224e7]
[2.208e7, -4.40205e7]
[2.23589e7, -4.42195e7]
[2.26402e7, -4.44194e7]
[2.29239e7, -4.46203e7]
[2.32101e7, -4.48221e7]
[2.34986e7, -4.50248e7]
[2.37896e7, -4.52285e7]
[2.40831e7, -4.54331e7]
[2.43791e7, -4.56387e7]
[2.46777e7, -4.58452e7]
[2.49788e7, -4.60527e7]
[2.52824e7, -4.62612e7]
[2.55887e7, -4.64707e7]
[2.58976e7, -4.66811e7]
[2.62092e7, -4.68926e7]
[2.65234e7, -4.7105e7]
[2.68403e7, -4.73185e7]
[2.716e7, -4.75329e7]
[2.74824e7, -4.77484e7]
[2.78076e7, -4.79649e7]
[2.81356e7, -4.81824e7]
[2.84665e7, -4.84009e7]
[2.88002e7, -4.86205e7]
[2.91368e7, -4.88411e7]
[2.94763e7, -4.90627e7]
[2.98187e7, -4.92855e7]
[3.01642e7, -4.95092e7]
[3.05126e7, -4.97341e7]
[3.0864e7, -4.996e7]
[3.12185e7, -5.0187e7]
[3.15761e7, -5.04151e7]
[3.19368e7, -5.06442e7]
[3.23007e7, -5.08745e7]
[3.26677e7, -5.11059e7]
[3.30379e7, -5.13383e7]
[3.34114e7, -5.15719e7]
[3.37881e7, -5.18066e7]
[3.41681e7, -5.20425e7]
[3.45515e7, -5.22794e7]
[3.49382e7, -5.25175e7]
[3.53283e7, -5.27568e7]
[3.57218e7, -5.29971e7]
[3.61188e7, -5.32387e7]
[3.65193e7, -5.34814e7]
[3.69233e7, -5.37253e7]
[3.73309e7, -5.39703e7]
[3.77421e7, -5.42166e7]
[3.81569e7, -5.4464e7]
[3.85754e7, -5.47126e7]
[3.89975e7, -5.49624e7]
[3.94234e7, -5.52134e7]
[3.98531e7, -5.54657e7]
[4.02866e7, -5.57191e7]
[4.07239e7, -5.59738e7]
[4.11651e7, -5.62297e7]
[4.16102e7, -5.64868e7]
[4.20593e7, -5.67452e7]
[4.25123e7, -5.70048e7]
[4.29694e7, -5.72656e7]
[4.34306e7, -5.75278e7]
[4.38959e7, -5.77912e7]
[4.43653e7, -5.80558e7]
[4.4839e7, -5.83218e7]
[4.53168e7, -5.8589e7]
[4.5799e7, -5.88575e7]
[4.62854e7, -5.91273e7]
[4.67762e7, -5.93984e7]
[4.72714e7, -5.96708e7]
[4.77711e7, -5.99446e7]
[4.82752e7, -6.02196e7]
[4.87839e7, -6.0496e7]
[4.92971e7, -6.07737e7]
[4.98149e7, -6.10527e7]
[5.03374e7, -6.13331e7]
[5.08646e7, -6.16148e7]
[5.13966e7, -6.18979e7]
[5.19334e7, -6.21824e7]
[5.2475e7, -6.24681e7]
[5.30215e7, -6.27553e7]
[5.35729e7, -6.30439e7]
[5.41293e7, -6.33338e7]
[5.46908e7, -6.36251e7]
[5.52573e7, -6.39178e7]
[5.5829e7, -6.42119e7]
[5.64058e7, -6.45074e7]
[5.69879e7, -6.48043e7]
[5.75752e7, -6.51026e7]
[5.81679e7, -6.54023e7]
[5.8766e7, -6.57035e7]
[5.93695e7, -6.6006e7]
[5.99786e7, -6.63101e7]
[6.05931e7, -6.66155e7]
[6.12133e7, -6.69224e7]
[6.18391e7, -6.72307e7]
[6.24706e7, -6.75405e7]
[6.31078e7, -6.78517e7]
[6.37509e7, -6.81644e7]
[6.43998e7, -6.84785e7]
[6.50547e7, -6.87941e7]
[6.57156e7, -6.91112e7]
[6.63825e7, -6.94297e7]
[6.70555e7, -6.97498e7]
[6.77347e7, -7.00713e7]
[6.842e7, -7.03943e7]
[6.91117e7, -7.07187e7]
[6.98097e7, -7.10447e7]
[7.05141e7, -7.13722e7]
[7.12249e7, -7.17011e7]
[7.19423e7, -7.20315e7]
[7.26663e7, -7.23635e7]
[7.33969e7, -7.26969e7]
[7.41342e7, -7.30319e7]
[7.48783e7, -7.33683e7]
[7.56292e7, -7.37063e7]
[7.6387e7, -7.40458e7]
[7.71518e7, -7.43868e7]
[7.79236e7, -7.47293e7]
[7.87025e7, -7.50733e7]
[7.94886e7, -7.54188e7]
[8.02819e7, -7.57659e7]
[8.10825e7, -7.61144e7]
[8.18905e7, -7.64645e7]
[8.27059e7, -7.68161e7]
[8.35288e7, -7.71692e7]
[8.43594e7, -7.75238e7]
[8.51975e7, -7.78799e7]
[8.60434e7, -7.82375e7]
[8.6897e7, -7.85967e7]
[8.77586e7, -7.89574e7]
[8.8628e7, -7.93195e7]
[8.95055e7, -7.96832e7]
[9.0391e7, -8.00484e7]
[9.12847e7, -8.0415e7]
[9.21866e7, -8.07832e7]
[9.30969e7, -8.11528e7]
[9.40155e7, -8.1524e7]
[9.49425e7, -8.18966e7]
[9.58781e7, -8.22707e7]
[9.68223e7, -8.26463e7]
[9.77752e7, -8.30233e7]
[9.87369e7, -8.34019e7]
[9.97074e7, -8.37818e7]
[1.00687e8, -8.41632e7]
[1.01675e8, -8.45461e7]
[1.02673e8, -8.49304e7]
[1.03679e8, -8.53161e7]
[1.04695e8, -8.57032e7]
[1.0572e8, -8.60918e7]
[1.06755e8, -8.64817e7]
[1.07799e8, -8.6873e7]
[1.08853e8, -8.72657e7]
[1.09916e8, -8.76598e7]
[1.10989e8, -8.80552e7]
[1.12072e8, -8.8452e7]
[1.13165e8, -8.88501e7]
[1.14267e8, -8.92495e7]
[1.1538e8, -8.96502e7]
[1.16503e8, -9.00522e7]
[1.17636e8, -9.04555e7]
[1.18779e8, -9.086e7]
[1.19933e8, -9.12658e7]
[1.21097e8, -9.16728e7]
[1.22272e8, -9.20809e7]
[1.23458e8, -9.24903e7]
[1.24654e8, -9.29009e7]
[1.25861e8, -9.33125e7]
[1.27079e8, -9.37253e7]
[1.28308e8, -9.41392e7]
[1.29548e8, -9.45542e7]
[1.30799e8, -9.49703e7]
[1.32061e8, -9.53873e7]
[1.33335e8, -9.58054e7]
[1.3462e8, -9.62244e7]
[1.35917e8, -9.66444e7]
[1.37225e8, -9.70653e7]
[1.38545e8, -9.74871e7]
[1.39876e8, -9.79098e7]
[1.4122e8, -9.83333e7]
[1.42575e8, -9.87575e7]
[1.43942e8, -9.91826e7]
[1.45322e8, -9.96083e7]
[1.46713e8, -1.00035e8]
[1.48117e8, -1.00462e8]
[1.49529e8, -1.00888e8]
[1.50933e8, -1.01309e8]
[1.52329e8, -1.01725e8]
[1.53717e8, -1.02135e8]
[1.55097e8, -1.0254e8]
[1.56469e8, -1.0294e8]
[1.57834e8, -1.03335e8]
[1.59191e8, -1.03724e8]
[1.6054e8, -1.04109e8]
[1.61882e8, -1.04489e8]
[1.63217e8, -1.04864e8]
[1.64545e8, -1.05235e8]
[1.65865e8, -1.05601e8]
[1.67179e8, -1.05963e8]
[1.68485e8, -1.0632e8]
[1.69785e8, -1.06673e8]
[1.71078e8, -1.07021e8]
[1.72364e8, -1.07365e8]
[1.73644e8, -1.07705e8]
[1.74917e8, -1.08041e8]
[1.76183e8, -1.08373e8]
[1.77443e8, -1.08701e8]
[1.78697e8, -1.09025e8]
[1.79944e8, -1.09346e8]
[1.81185e8, -1.09662e8]
[1.8242e8, -1.09975e8]
[1.83649e8, -1.10284e8]
[1.84872e8, -1.10589e8]
[1.86089e8, -1.10891e8]
[1.873e8, -1.11189e8]
[1.88505e8, -1.11484e8]
[1.89705e8, -1.11775e8]
[1.90898e8, -1.12063e8]
[1.92086e8, -1.12348e8]
[1.93269e8, -1.12629e8]
[1.94446e8, -1.12907e8]
[1.95617e8, -1.13182e8]
[1.96783e8, -1.13453e8]
[1.97943e8, -1.13722e8]
[1.99098e8, -1.13987e8]
[2.00248e8, -1.1425e8]
[2.01392e8, -1.14509e8]
[2.02532e8, -1.14765e8]
[2.03666e8, -1.15018e8]
[2.04795e8, -1.15269e8]
[2.05918e8, -1.15516e8]
[2.07037e8, -1.15761e8]
[2.08151e8, -1.16003e8]
[2.0926e8, -1.16242e8]
[2.10364e8, -1.16478e8]
[2.11463e8, -1.16712e8]
[2.12557e8, -1.16943e8]
[2.13646e8, -1.17171e8]
[2.14731e8, -1.17397e8]
[2.15811e8, -1.1762e8]
[2.16886e8, -1.1784e8]
[2.17956e8, -1.18058e8]
[2.19022e8, -1.18274e8]
[2.20084e8, -1.18487e8]
[2.2114e8, -1.18697e8]
[2.22193e8, -1.18905e8]
[2.2324e8, -1.19111e8]
[2.24284e8, -1.19314e8]
[2.25323e8, -1.19515e8]
[2.26357e8, -1.19713e8]
[2.27387e8, -1.19909e8]
[2.28413e8, -1.20103e8]
[2.29435e8, -1.20295e8]
[2.30452e8, -1.20484e8]
[2.31465e8, -1.20671e8]
[2.32474e8, -1.20856e8]
[2.33479e8, -1.21039e8]
[2.34479e8, -1.2122e8]
[2.35476e8, -1.21398e8]
[2.36468e8, -1.21575e8]
[2.37457e8, -1.21749e8]
[2.38441e8, -1.21921e8]
[2.39421e8, -1.22091e8]
[2.40397e8, -1.22259e8]
[2.4137e8, -1.22425e8]
[2.42338e8, -1.22589e8]
[2.43303e8, -1.22751e8]
[2.44263e8, -1.22911e8]
[2.4522e8, -1.23069e8]
[2.46173e8, -1.23225e8]
[2.47122e8, -1.2338e8]
[2.48068e8, -1.23532e8]
[2.49009e8, -1.23682e8]
[2.49947e8, -1.23831e8]
[2.50881e8, -1.23978e8]
[2.51811e8, -1.24123e8]
[2.52738e8, -1.24266e8]
[2.53661e8, -1.24407e8]
[2.54581e8, -1.24546e8]
[2.55497e8, -1.24684e8]
[2.56409e8, -1.2482e8]
[2.57318e8, -1.24954e8]
[2.58223e8, -1.25087e8]
[2.59124e8, -1.25217e8]
[2.60022e8, -1.25346e8]
[2.60917e8, -1.25474e8]
[2.61808e8, -1.25599e8]
[2.62696e8, -1.25723e8]
[2.6358e8, -1.25845e8]
[2.64461e8, -1.25966e8]
[2.65338e8, -1.26085e8]
[2.66213e8, -1.26203e8]
[2.67083e8, -1.26318e8]
[2.67951e8, -1.26433e8]
[2.68815e8, -1.26545e8]
[2.69675e8, -1.26656e8]
[2.70533e8, -1.26766e8]
[2.71387e8, -1.26874e8]
[2.72238e8, -1.2698e8]
[2.73085e8, -1.27085e8]
[2.7393e8, -1.27188e8]
[2.74771e8, -1.2729e8]
[2.75609e8, -1.27391e8]
[2.76444e8, -1.27489e8]
[2.77276e8, -1.27587e8]
[2.78104e8, -1.27683e8]
[2.78929e8, -1.27777e8]
[2.79752e8, -1.2787e8]
[2.80571e8, -1.27962e8]
[2.81387e8, -1.28052e8]
[2.822e8, -1.28141e8]
[2.8301e8, -1.28229e8]
[2.83817e8, -1.28315e8]
[2.84621e8, -1.28399e8]
[2.85421e8, -1.28483e8]
[2.86219e8, -1.28564e8]
[2.87014e8, -1.28645e8]
[2.87806e8, -1.28724e8]
[2.88595e8, -1.28802e8]
[2.89381e8, -1.28879e8]
[2.90164e8, -1.28954e8]
[2.90944e8, -1.29028e8]
[2.91721e8, -1.291e8]
[2.92495e8, -1.29172e8]
[2.93267e8, -1.29242e8]
[2.94035e8, -1.2931e8]
[2.94801e8, -1.29378e8]
[2.95563e8, -1.29444e8]
[2.96323e8, -1.29509e8]
[2.9708e8, -1.29573e8]
[2.97835e8, -1.29635e8]
[2.98586e8, -1.29696e8]
[2.99335e8, -1.29756e8]
[3.00081e8, -1.29815e8]
[3.00824e8, -1.29873e8]
[3.01564e8, -1.29929e8]
[3.02302e8, -1.29984e8]
[3.03037e8, -1.30038e8]
[3.03769e8, -1.30091e8]
[3.04498e8, -1.30143e8]
[3.05225e8, -1.30193e8]
[3.05949e8, -1.30243e8]
[3.0667e8, -1.30291e8]
[3.07389e8, -1.30338e8]
[3.08105e8, -1.30384e8]
[3.08818e8, -1.30429e8]
[3.09529e8, -1.30472e8]
[3.10237e8, -1.30515e8]
[3.10942e8, -1.30556e8]
[3.11645e8, -1.30596e8]
[3.12345e8, -1.30635e8]
[3.13042e8, -1.30674e8]
[3.13737e8, -1.30711e8]
[3.1443e8, -1.30746e8]
[3.1512e8, -1.30781e8]
[3.15807e8, -1.30815e8]
[3.16491e8, -1.30848e8]
[3.17174e8, -1.30879e8]
[3.17853e8, -1.3091e8]
[3.1853e8, -1.30939e8]
[3.19205e8, -1.30968e8]
[3.19877e8, -1.30995e8]
[3.20546e8, -1.31022e8]
[3.21213e8, -1.31047e8]
[3.21878e8, -1.31071e8]
[3.2254e8, -1.31095e8]
[3.232e8, -1.31117e8]
[3.23857e8, -1.31138e8]
[3.24511e8, -1.31159e8]
[3.25164e8, -1.31178e8]
[3.25813e8, -1.31196e8]
[3.26461e8, -1.31214e8]
[3.27106e8, -1.3123e8]
[3.27748e8, -1.31245e8]
[3.28388e8, -1.3126e8]
[3.29026e8, -1.31273e8]
[3.29661e8, -1.31286e8]
[3.30294e8, -1.31297e8]
[3.30925e8, -1.31308e8]
[3.31553e8, -1.31317e8]
[3.32179e8, -1.31326e8]
[3.32802e8, -1.31334e8]
[3.33424e8, -1.31341e8]
[3.34042e8, -1.31346e8]
[3.34659e8, -1.31351e8]
[3.35273e8, -1.31355e8]
[3.35885e8, -1.31358e8]
[3.36494e8, -1.31361e8]
[3.37101e8, -1.31362e8]
[3.37706e8, -1.31362e8]
[3.38309e8, -1.31362e8]
[3.38909e8, -1.3136e8]
[3.39507e8, -1.31358e8]
[3.40103e8, -1.31355e8]
[3.40696e8, -1.31351e8]
[3.41288e8, -1.31346e8]
[3.41876e8, -1.3134e8]
[3.42463e8, -1.31333e8]
[3.43048e8, -1.31326e8]
[3.4363e8, -1.31317e8]
[3.4421e8, -1.31308e8]
[3.44788e8, -1.31298e8]
[3.45363e8, -1.31287e8]
[3.45936e8, -1.31275e8]
[3.46508e8, -1.31262e8]
[3.47076e8, -1.31249e8]
[3.47643e8, -1.31234e8]
[3.48208e8, -1.31219e8]
[3.4877e8, -1.31203e8]
[3.4933e8, -1.31186e8]
[3.49888e8, -1.31169e8]
[3.50444e8, -1.3115e8]
[3.50998e8, -1.31131e8]
[3.51549e8, -1.31111e8]
[3.52099e8, -1.3109e8]
[3.52646e8, -1.31068e8]
[3.53191e8, -1.31046e8]
[3.53734e8, -1.31022e8]
[3.54275e8, -1.30998e8]
[3.54813e8, -1.30973e8]
[3.5535e8, -1.30947e8]
[3.55884e8, -1.30921e8]
[3.56416e8, -1.30894e8]
[3.56947e8, -1.30865e8]
[3.57475e8, -1.30837e8]
[3.58001e8, -1.30807e8]
[3.58525e8, -1.30777e8]
[3.59047e8, -1.30745e8]
[3.59566e8, -1.30714e8]
[3.60084e8, -1.30681e8]
[3.606e8, -1.30647e8]
[3.61113e8, -1.30613e8]
[3.61625e8, -1.30578e8]
[3.62134e8, -1.30543e8]
[3.62642e8, -1.30506e8]
[3.63147e8, -1.30469e8]
[3.6365e8, -1.30431e8]
[3.64151e8, -1.30392e8]
[3.64651e8, -1.30353e8]
[3.65148e8, -1.30313e8]
[3.65643e8, -1.30272e8]
[3.66136e8, -1.3023e8]
[3.66627e8, -1.30188e8]
[3.67116e8, -1.30145e8]
[3.67603e8, -1.30101e8]
[3.68088e8, -1.30057e8]
[3.68571e8, -1.30012e8]
[3.69053e8, -1.29966e8]
[3.69532e8, -1.29919e8]
[3.70009e8, -1.29872e8]
[3.70484e8, -1.29824e8]
[3.70957e8, -1.29775e8]
[3.71428e8, -1.29726e8]
[3.71897e8, -1.29676e8]
[3.72365e8, -1.29625e8]
[3.7283e8, -1.29574e8]
[3.73293e8, -1.29521e8]
[3.73754e8, -1.29469e8]
[3.74214e8, -1.29415e8]
[3.74671e8, -1.29361e8]
[3.75127e8, -1.29306e8]
[3.7558e8, -1.2925e8]
[3.76032e8, -1.29194e8]
[3.76482e8, -1.29137e8]
[3.76929e8, -1.2908e8]
[3.77375e8, -1.29022e8]
[3.77819e8, -1.28963e8]
[3.78261e8, -1.28903e8]
[3.78701e8, -1.28843e8]
[3.79139e8, -1.28782e8]
[3.79575e8, -1.28721e8]
[3.8001e8, -1.28658e8]
[3.80442e8, -1.28596e8]
[3.80873e8, -1.28532e8]
[3.81301e8, -1.28468e8]
[3.81728e8, -1.28403e8]
